           1   1.0000000000000000     
           2   1.2757436953082371     
           3   1.5720136650380141     
           4   1.8048860098197128     
           5   2.0080200800147758     
           6   2.1805660037564327     
           7   2.3581586291417231     
           8   2.5184592370577850     
           9   2.6637940201975381     
          10   2.8138460687579832     
          11   2.9414006878054364     
          12   3.0868389732629740     
          13   3.2066074316879245     
          14   3.3315594919731266     
          15   3.4472060129606348     
          16   3.5561967139416608     
          17   3.6739892255192927     
          18   3.7765996820045933     
          19   3.8662157257463718     
          20   3.9627720288854076     
          21   4.0643236813509480     
          22   4.1557770467988169     
          23   4.2507518137806759     
          24   4.3389933373558893     
          25   4.4228526770266692     
          26   4.5106917306604899     
          27   4.5912715206983181     
          28   4.6766555489224793     
          29   4.7629439460871250     
          30   4.8531517137028786     
          31   4.9253527735984317     
          32   5.0028854891259149     
          33   5.0880028053273199     
          34   5.1657950695049184     
          35   5.2496016674977684     
          36   5.3165661137683795     
          37   5.3862834269775108     
          38   5.4584209971032767     
          39   5.5304138759301473     
          40   5.6031186239799791     
          41   5.6766035372363799     
          42   5.7540590729430638     
          43   5.8110370419502679     
          44   5.8654747094249560     
          45   5.9362863329945386     
          46   6.0124198582551696     
          47   6.0760072648794505     
          48   6.1311048484899882     
          49   6.2048158581205923     
          50   6.2630903775306539     
          51   6.3370962651524136     
          52   6.3913677302407930     
          53   6.4490616873936624     
          54   6.5105720114360830     
          55   6.5673113772641303     
          56   6.6339193533714615     
          57   6.6941269745195342     
          58   6.7439169108996166     
          59   6.8020392759627928     
          60   6.8530943615073676     
          61   6.9072230486040107     
          62   6.9677332037614983     
          63   7.0141171426169695     
          64   7.0704336387340021     
          65   7.1312556038055366     
          66   7.1841830537754792     
          67   7.2471385855685062     
          68   7.2973591398480435     
          69   7.3569745333929690     
          70   7.4104052392566544     
          71   7.4764438951182512     
          72   7.5267312321084869     
          73   7.5835015452715613     
          74   7.6332816979917286     
          75   7.6808019381775612     
          76   7.7285534278474080     
          77   7.7760938088089064     
          78   7.8287657746216777     
          79   7.8764581158606175     
          80   7.9282509880550744     
          81   7.9843352890402954     
          82   8.0319912698457010     
          83   8.0848307558541510     
          84   8.1402372958581779     
          85   8.1830915651440783     
          86   8.2287705738247467     
          87   8.2788967984023003     
          88   8.3169981884532991     
          89   8.3686079185919748     
          90   8.4259533976807006     
          91   8.4843559687569350     
          92   8.5255215133578233     
          93   8.5621611564266331     
          94   8.6005759582373003     
          95   8.6453578959974102     
          96   8.6846570097402047     
          97   8.7461335959118376     
          98   8.7958503072511878     
          99   8.8429031869346861     
         100   8.8859511729235390     
 拟合参数为：  0.88669399410167160     
