 q=   0.0000000000000000        8.8665015219456210E-012   1.0000000000088882        1.0000000000089455        4.0000000000088001        4.0000000000088365        9.0000000000087468        9.0000000000088320        16.000000000008644        16.000000000008868        25.000000000008736        25.000000000008711     
 q=   1.0000000000000000      -0.45513860409852214      -0.11024881698308792        1.8591080725233302        3.9170247730073231        4.3713009827438283        9.0477392598181154        9.0783688472118609        16.032970081414678        16.033832340368377        25.020840823298435        25.020854345457394     
 q=   2.0000000000000000       -1.5139568850476441       -1.3906765012165141        2.3791998804976511        3.6722327065060480        5.1726651333671647        9.1406277377753451        9.3703224836298862        16.127687952531268        16.141203785593817        25.083349030452901        25.083777782781972     
 q=   3.0000000000000000       -2.8343918898954534       -2.7853796998187623        2.5190390875172959        3.2769219697991825        6.0451968522437092        9.2231328482767534        9.9155062904610194        16.272701196225814        16.338720746005112        25.187079802727158        25.190285530978755     
 q=   4.0000000000000000       -4.2805188182937517       -4.2591829005519894        2.3180081701153226        2.7468810272014421        6.8290748345751364        9.2614461321152195        10.671027103529317        16.452035290137552        16.649818906826066        25.330544871782124        25.343757633170739     
 q=   5.0000000000000000       -5.8000460208425340       -5.7900805986287027        1.8581875415566826        2.0994604454955059        7.4491097395380539        9.2363277137025630        11.548832036352286        16.648219937178620        17.096581684374677        25.510816046311849        25.549971749990231     
 q=   6.0000000000000000       -7.3688308320179443       -7.3639110118035651        1.2142781644292544        1.3513811548150170        7.8700644747840682        9.1379058461517104        12.465600683346434        16.844601644381903        17.688782954568957        25.723410651905311        25.817271992700093     
 q=   7.0000000000000000       -8.9737425056401339       -8.9712023507757834       0.43834909021698537       0.51754540662881332        8.0866231445347569        8.9623854585488090        13.358421316284655        17.026660783286264        18.416608662122197        25.962447175544042        26.156120247570655     
 q=   8.0000000000000000       -10.606729235543577       -10.605368138783758      -0.43594360131190441      -0.38936177017324081        8.1152388302721761        8.7099143576140055        14.181880362325215        17.182527770798007        19.252705059432973        26.220999472664275        26.577753292610570     
 q=   9.0000000000000000       -12.262414218092578       -12.261661653274313       -1.3867015663938833       -1.3588101172108666        7.9828431632991679        8.3831191577564290        14.903679668185813        17.303010961914236        20.160926385980925        26.491547240811716        27.091866075558826     
 q=   10.000000000000000       -13.936979956649958       -13.936552479241318       -2.3991424000274697       -2.3821582359480540        7.7173698497883390        7.9860691446905836        15.502784369741395        17.381380678631945        21.104633708666722        26.766426360488740        27.703768733948053     
 q=   11.000000000000000       -15.627590645594406       -15.627342049641610       -3.4628406028477214       -3.4523350379787101        7.3429481146338782        7.5235488558514838        15.968912258848057        17.413053558832519        22.050999118929706        27.038213127923335        28.412077622950413     
 q=   12.000000000000000       -17.332066034940041       -17.331918436851257       -4.5701328507289327       -4.5635399281440767        6.8787368553199864        7.0005667784196826        16.301534944990173        17.395249681431217        22.972127473588579        27.300012412126655        29.208054997713703     
 q=   13.000000000000000       -19.048684166282793       -19.048594899805831       -5.7151805985955155       -5.7109875198171967        6.3394476410101452        6.4220433427577452        16.507608836381578        17.326656381716688        23.844881172836811        27.545647722152893        30.076877919931036     
 q=   14.000000000000000       -20.776055312235560       -20.776000421320141       -6.8934005330397801       -6.8907006768771062        5.7363123499472639        5.7926294733067243        16.598540469690029        17.207115336262632        24.650595054204828        27.769766682399080        31.000050838705533     
 q=   15.000000000000000       -22.513037760855230       -22.513003497414672       -8.1011051316330551       -8.0993467988870140        5.0779831975523440        5.1166151233231121        16.587381166825867        17.037342143360604        25.375061061570179        27.967880596726086        31.957821252181532     
 q=   16.000000000000000       -24.258679474600118       -24.258657792718811       -9.3352670704187908       -9.3341097432676339        4.3712326059254254        4.3978961991879704        16.486884257249748        16.818683740899619        26.008678344411464        28.136355926600427        32.930895135900208     
 q=   17.000000000000000       -26.012176438856219       -26.012162545789394       -10.593359233320539       -10.592589951963971        3.6214611224622733        3.6399768933768959        16.308488567932248        16.552915927842278        26.546476466531818        28.272372291341185        33.901359728356503     
 q=   18.000000000000000       -27.772842163490417       -27.772833158129156       -11.873242516569929       -11.872726455728985        2.8330567329762695        2.8459917043111855        16.061975361275636        16.242080436965903        26.987766438087554        28.373858192646559        34.853058737094855     
 q=   19.000000000000000       -29.540084864329035       -29.540078964657337       -13.173084874160725       -13.172735697533351        2.0096478938957332        2.0187369694407957        15.755503802558604        15.888358665585933        27.335369711419862        28.439412942042384        35.771712900599695     
 q=   20.000000000000000       -31.313390070327557       -31.313386166904067       -14.491301425166085       -14.491063255971978        1.1542828852554172        1.1607056791741197        15.395810912813902        15.493977576997999        27.594578154620518        28.468221325111312        36.644989734141561     
