 q=   0.0000000000000000       -2.9875092298993323E-015  0.99999999999999634        4.0000000000000000        9.0000000000000036        16.000000000000007     
 q=   1.0000000000000000      -0.45514278375656048        1.8591062081100813        4.3711850659326927        9.0779202586954550        15.975330222898625     
 q=   2.0000000000000000       -1.5140934543104916        2.3790418156586854        5.1705774818338925        9.3637407379299997        15.936075473639406     
 q=   3.0000000000000000       -2.8352007679205493        2.5171191617975395        6.0325068485701214        9.8873078218534314        15.970881689609097     
 q=   4.0000000000000000       -4.2830681259238386        2.3085527292719097        6.7822543647697282        10.603059048255679        16.186891499920119     
 q=   5.0000000000000000       -5.8058914920738394        1.8302899989363071        7.3279370536879087        11.439528307486036        16.667216759169534     
 q=   6.0000000000000000       -7.3799222493716172        1.1539911493424000        7.6358543547590436        12.348763911785419        17.434543298281916     
 q=   7.0000000000000000       -8.9923178156875743       0.33176435837992102        7.7301804574611088        13.305838575646973        18.451060007613979     
 q=   8.0000000000000000       -10.635213191692369      -0.64272089553356870        7.6665194309202942        14.293223531611734        19.653888456915698     
 q=   9.0000000000000000       -12.303328978018875       -1.6980235273072006        7.4997032463057076        15.296283117744769        20.986121199464851     
 q=   10.000000000000000       -13.992870366798339       -2.8102063153083252        7.2700071844604199        16.304111415849796        22.406544430646502     
 q=   11.000000000000000       -15.700964441577108       -3.9678489495830371        7.0033700663259717        17.309581292722683        23.887695944231929     
 q=   12.000000000000000       -17.425347886472213       -5.1615504382127870        6.7155775691634654        18.308483132290132        25.411616360666063     
 q=   13.000000000000000       -19.164181892000727       -6.3837318111516295        6.4160261711494355        19.298577614046245        26.966444040372199     
 q=   14.000000000000000       -20.915936391163296       -7.6283614818475884        6.1102667999945206        20.278871472818711        28.544176655354761     
 q=   15.000000000000000       -22.679314297263002       -8.8906739940022881        5.8015676010113975        21.249129082495269        30.139281013255687     
 q=   16.000000000000000       -24.453199923830329       -10.166916808474983        5.4918425640824955        22.209559148734122        31.747836246729673     
 q=   17.000000000000000       -26.236622607744845       -11.454137225378373        5.1821988810626296        23.160618055161365        33.366999318198516     
 q=   18.000000000000000       -28.028730220982229       -12.750009806977566        4.8732605267209568        24.102887956470816        34.994664898033413     
 q=   19.000000000000000       -29.828769313174956       -14.052699643181038        4.5653610119550683        25.037002141982406        36.629244022225464     
 q=   20.000000000000000       -31.636069827350980       -15.360755336287241        4.2586592525613005        25.963600185217910        38.269516758466587     
 q=   0.0000000000000000        2.0345061633247848E-005   1.0000203450615430        4.0000203450614089        9.0000203450613281        16.000020345061106     
 q=   1.0000000000000000      -0.45511825904578723        1.8591284175759566        4.3713213277963963        9.0783891922643338        16.033852685420399     
 q=   2.0000000000000000       -1.5139365399949403        2.3792202255501911        5.1726854784196998        9.3703428286823538        16.141224130645934     
 q=   3.0000000000000000       -2.8343715448427775        2.5190594325699189        6.0452171972961448        9.9155266355133556        16.338741091057379     
 q=   4.0000000000000000       -4.2804984732410309        2.3180285151679660        6.8290951796278296        10.671047448581795        16.649839251878181     
 q=   5.0000000000000000       -5.8000256757899313        1.8582078866092915        7.4491300845906361        11.548852381404521        17.096602029427068     
 q=   6.0000000000000000       -7.3688104869651090        1.2142985094818786        7.8700848198367135        12.465621028399090        17.688803299621135     
 q=   7.0000000000000000       -8.9737221605874442       0.43836943526943878        8.0866434895872299        13.358441661337110        18.416629007174180     
 q=   8.0000000000000000       -10.606708890491136      -0.43592325625943484        8.1152591753245815        14.181900707377666        19.252725404486021     
 q=   9.0000000000000000       -12.262393873039985       -1.3866812213411490        7.9828635083515049        14.903700013238325        20.160946731034112     
 q=   10.000000000000000       -13.936959611597421       -2.3991220549749510        7.7173901948408030        15.502804714793774        21.104654053718935     
 q=   11.000000000000000       -15.627570300541970       -3.4628202577953240        7.3429684596862499        15.968932603900454        22.051019463981998     
 q=   12.000000000000000       -17.332045689887472       -4.5701125056762386        6.8787572003726476        16.301555290042469        22.972147818641123     
 q=   13.000000000000000       -19.048663821230193       -5.7151602535429289        6.3394679860624565        16.507629181433867        23.844901517889159     
 q=   14.000000000000000       -20.776034967183016       -6.8933801879873808        5.7363326949997182        16.598560814742353        24.650615399257088     
 q=   15.000000000000000       -22.513017415802480       -8.1010847865805662        5.0780035426045176        16.587401511878110        25.375081406622414     
 q=   16.000000000000000       -24.258659129547492       -9.3352467253663214        4.3712529509778664        16.486904602302090        26.008698689463813     
 q=   17.000000000000000       -26.012156093803579       -10.593338888268146        3.6214814675144607        16.308508912984447        26.546496811584117     
 q=   18.000000000000000       -27.772821818437762       -11.873222171517542        2.8330770780285826        16.061995706327856        26.987786783139903     
 q=   19.000000000000000       -29.540064519276338       -13.173064529108464        2.0096682389479090        15.755524147610867        27.335390056472139     
 q=   20.000000000000000       -31.313369725274999       -14.491281080113540        1.1543032303077307        15.395831257865993        27.594598499672760     
