  -13.936979956649958     
   5.5413907482633031E-003   6.6178344008454709E-003   8.5556336658709660E-003   1.1580623868519751E-002   1.6028380280211786E-002   2.2360815010777083E-002   3.1182849333458825E-002   4.3254688198829043E-002   5.9493519494166994E-002   8.0956891783354579E-002  0.10879913939839998       0.14419275829152367       0.18820938341233617       0.24166058558824202       0.30490717496115333       0.37765627548544978       0.45877623486503155       0.54616756936426114       0.63673025595847066       0.72646091566180881       0.81069661295839079       0.88449665815749712       0.94312450450203478       0.98256546599283745       0.99999999982782106       0.99415237442331594     
  -2.3991424000274697     
   4.5670570388272040E-002   5.1533440810443358E-002   6.1763034085402554E-002   7.7038324698260635E-002   9.8286061918086462E-002  0.12664017951554546       0.16336685782964891       0.20974114649005182       0.26686269501296089       0.33540415642615384       0.41529745127175832       0.50538063057095839       0.60305017248996440       0.70398641328318234       0.80203712811333072       0.88934798103923607       0.95681086933261106       0.99485761615755075       0.99455909519278762       0.94890945656587022       0.85410062697579392       0.71054690476886428       0.52342376934240664       0.30254874138168902        6.1548369667990606E-002 -0.18360020655579792     
   7.7173698497883390     
  0.22766621592320568       0.24366383335060729       0.27067212280414482       0.30909980841458767       0.35929440072521518       0.42130875889921005       0.49459814144149300       0.57766198562499282       0.66766411685089222       0.76009030377438913       0.84852877705970142       0.92467987810376340       0.97870488674514122       0.99999999999948308       0.97842117398368611       0.90588895443873829       0.77818199624886086       0.59661052905747880       0.36918420423345583       0.11089129668607585      -0.15718634252234601      -0.40998785834666990      -0.62160681435257736      -0.76895952871396922      -0.83531524153176895      -0.81297755927133697     
   15.502784369741395     
  0.72464790673890722       0.74299397499124376       0.77243250122707685       0.81111545671167151       0.85620042416242748       0.90365922815153621       0.94812858697806845       0.98288009649800223        1.0000000000000000       0.99086837453732091       0.94700299773043406       0.86127724553402796       0.72943189054334356       0.55168645787440473       0.33413988426984259        8.9569036124821477E-002 -0.16277019385613167      -0.39862596062267147      -0.59157366897398489      -0.71691212984836983      -0.75602345124179948      -0.70032986991940205      -0.55391014291362950      -0.33401662118562997       -6.9150652387425571E-002  0.20508539237114426     
   21.104633708666722     
  0.99781341715597049       0.99066836181712858       0.97683846323399848       0.95355409918236478       0.91719412283637014       0.86360785795313888       0.78860408823408179       0.68862895026564375       0.56162066359562646       0.40797500099256095       0.23148631402921960        4.0058160416758477E-002 -0.15407249668134515      -0.33485455030307698      -0.48386775290779105      -0.58271204962607259      -0.61612019749060964      -0.57530413658005841      -0.46082609998420582      -0.28420519783404058       -6.7600202049775307E-002  0.15873365607206605       0.36099230425890716       0.50759718724980496       0.57500281707452472       0.55221987924367455     
   27.703768733948053     
  0.98508044878033885       0.94018724903260686       0.86503642099059430       0.75954712420581594       0.62440432958647951       0.46178249586322789       0.27614173924885443        7.4957365539518539E-002 -0.13080899088035816      -0.32672557392319440      -0.49562061915697297      -0.61918542342386707      -0.68045958789351968      -0.66697914687026294      -0.57409680996012880      -0.40774026327394186      -0.18575530551492150        6.2921607910841948E-002  0.30165235907096161       0.49183954427816778       0.60011181110485956       0.60544672798554688       0.50446514331329673       0.31336102939029309        6.5658559669771410E-002 -0.19395873618496332     
