   0.0000000000000000        0.0000000000000000       0.0d0
   1.0000000000000000E-002   1.9052954820048066E-005   9.5264774100240325E-004
   2.0000000000000000E-002   7.2480678256162765E-005   1.8120169564040691E-003
   2.9999999999999999E-002   1.5643461239483742E-004   2.6072435399139573E-003
   4.0000000000000001E-002   2.6796352445324729E-004   3.3495440556655909E-003
   5.0000000000000003E-002   4.0374385010418439E-004   4.0374385010418434E-003
   5.9999999999999998E-002   5.6110589221054319E-004   4.6758824350878600E-003
   7.0000000000000007E-002   7.3730907701281649E-004   5.2664934072344030E-003
   8.0000000000000002E-002   9.2939516707727288E-004   5.8087197942329550E-003
   8.9999999999999997E-002   1.1344925719295280E-003   6.3027365107196000E-003
  0.10000000000000001        1.3506649629969202E-003   6.7533248149846004E-003
  0.11000000000000000        1.5768302139687867E-003   7.1674100634944848E-003
  0.12000000000000000        1.8113016761964560E-003   7.5470903174852336E-003
  0.13000000000000000        2.0521435607647734E-003   7.8928598490952823E-003
  0.14000000000000001        2.2972627010377578E-003   8.2045096465634196E-003
  0.14999999999999999        2.5470297130529016E-003   8.4900990435096725E-003
  0.16000000000000000        2.7984652276979252E-003   8.7452038365560154E-003
  0.17000000000000001        3.0509366058213147E-003   8.9733429582979831E-003
  0.17999999999999999        3.3024069402078642E-003   9.1733526116885115E-003
  0.19000000000000000        3.5541154157433942E-003   9.3529353045878789E-003
  0.20000000000000001        3.8050674568607472E-003   9.5126686421518683E-003
  0.20999999999999999        4.0548469844363891E-003   9.6543975819914033E-003
  0.22000000000000000        4.3029933673211012E-003   9.7795303802752295E-003
  0.23000000000000001        4.5475506378217980E-003   9.8859796474386908E-003
  0.23999999999999999        4.7869643188885825E-003   9.9728423310178806E-003
  0.25000000000000000        5.0229471902484314E-003   1.0045894380496863E-002
  0.26000000000000001        5.2541792612012502E-003   1.0104190886925480E-002
  0.27000000000000002        5.4809620264169179E-003   1.0149929678549847E-002
  0.28000000000000003        5.7018519725494793E-003   1.0181878522409784E-002
  0.28999999999999998        5.9165643614313874E-003   1.0200973036950669E-002
  0.29999999999999999        6.1259070829179267E-003   1.0209845138196545E-002
  0.31000000000000000        6.3284790813874147E-003   1.0207224324818411E-002
  0.32000000000000001        6.5226851689778650E-003   1.0191695576527915E-002
  0.33000000000000002        6.7097645196606253E-003   1.0166309878273674E-002
  0.34000000000000002        6.8894867690196711E-003   1.0131598189734810E-002
  0.35000000000000003        7.0626315224873205E-003   1.0089473603553315E-002
  0.35999999999999999        7.2252489723556293E-003   1.0035068017160597E-002
  0.37000000000000000        7.3833241973055201E-003   9.9774651314939455E-003
  0.38000000000000000        7.5351612222240745E-003   9.9146858187158880E-003
  0.39000000000000001        7.6816940420748559E-003   9.8483256949677637E-003
  0.40000000000000002        7.8222203204155755E-003   9.7777754005194690E-003
  0.41000000000000003        7.9557614025587298E-003   9.7021480519008888E-003
  0.41999999999999998        8.0834421639395942E-003   9.6231454332614229E-003
  0.42999999999999999        8.2078736513934974E-003   9.5440391295273218E-003
  0.44000000000000000        8.3283237468883293E-003   9.4640042578276462E-003
  0.45000000000000001        8.4422069842755524E-003   9.3802299825283906E-003
  0.46000000000000002        8.5529860273572886E-003   9.2967239427796614E-003
  0.47000000000000003        8.6591143797240307E-003   9.2118238082170532E-003
  0.47999999999999998        8.7589739427906994E-003   9.1239311904069784E-003
  0.48999999999999999        8.8552428465919469E-003   9.0359620883591289E-003
  0.50000000000000000        8.9476881497482664E-003   8.9476881497482664E-003
  0.51000000000000001        9.0343916076466406E-003   8.8572466741633736E-003
  0.52000000000000002        9.1149916865460919E-003   8.7644150832173959E-003
  0.53000000000000003        9.1912604915413421E-003   8.6710004637182460E-003
  0.54000000000000004        9.2622578928122021E-003   8.5761647155668530E-003
  0.55000000000000004        9.3297648199443528E-003   8.4816043817675935E-003
  0.56000000000000005        9.3942694468242688E-003   8.3877405775216671E-003
  0.57000000000000006        9.4563558336159641E-003   8.2950489768561075E-003
  0.57999999999999996        9.5153262352653482E-003   8.2028674441942655E-003
  0.58999999999999997        9.5713702009339006E-003   8.1113306787575432E-003
  0.59999999999999998        9.6240243125398760E-003   8.0200202604498970E-003
  0.60999999999999999        9.6726782295964518E-003   7.9284247783577479E-003
  0.62000000000000000        9.7179441748056952E-003   7.8370517538755603E-003
  0.63000000000000000        9.7595929646075025E-003   7.7457087020694464E-003
  0.64000000000000001        9.7960770578733314E-003   7.6531852014635401E-003
  0.65000000000000002        9.8286274796185579E-003   7.5604826766296597E-003
  0.66000000000000003        9.8583622750658077E-003   7.4684562689892476E-003
  0.67000000000000004        9.8870211784655541E-003   7.3783740137802634E-003
  0.68000000000000005        9.9119720388436867E-003   7.2882147344438871E-003
  0.69000000000000006        9.9348381359332487E-003   7.1991580695168460E-003
  0.70000000000000007        9.9593626687760183E-003   7.1138304776971551E-003
  0.70999999999999996        9.9823611270789120E-003   7.0298317796330372E-003
  0.71999999999999997        1.0005223494839866E-002   6.9480718714165736E-003
  0.72999999999999998        1.0026503749617440E-002   6.8674683216557808E-003
  0.73999999999999999        1.0047293079182123E-002   6.7887115399879209E-003
  0.75000000000000000        1.0067788392849934E-002   6.7118589285666231E-003
  0.76000000000000001        1.0088615359426399E-002   6.6372469469910518E-003
  0.77000000000000002        1.0109467105990314E-002   6.5645890298638406E-003
  0.78000000000000003        1.0129497971414689E-002   6.4932679303940314E-003
  0.79000000000000004        1.0147946418129571E-002   6.4227508975503609E-003
  0.80000000000000004        1.0167525470179475E-002   6.3547034188621721E-003
  0.81000000000000005        1.0184326306283952E-002   6.2866211767184880E-003
  0.82000000000000006        1.0199000629793804E-002   6.2189028230450021E-003
  0.83000000000000007        1.0211397417188782E-002   6.1514442272221576E-003
  0.83999999999999997        1.0221595083320987E-002   6.0842827876910642E-003
  0.84999999999999998        1.0230227281326719E-002   6.0177807537215994E-003
  0.85999999999999999        1.0236795924547005E-002   5.9516255375273285E-003
  0.87000000000000000        1.0242445300582695E-002   5.8864628164268362E-003
  0.88000000000000000        1.0248449863721257E-002   5.8229828771143508E-003
  0.89000000000000001        1.0252059165727970E-002   5.7595838009707702E-003
  0.90000000000000002        1.0253046332781166E-002   5.6961368515450915E-003
  0.91000000000000003        1.0252350491920194E-002   5.6331596109451612E-003
  0.92000000000000004        1.0252187278330785E-002   5.5718409121362960E-003
  0.93000000000000005        1.0253938182070309E-002   5.5128699903603806E-003
  0.94000000000000006        1.0256278229173174E-002   5.4554671431772195E-003
  0.95000000000000007        1.0255797032314809E-002   5.3977879117446358E-003
  0.95999999999999996        1.0257609074695537E-002   5.3425047264039254E-003
  0.96999999999999997        1.0257991518475876E-002   5.2876244940597301E-003
  0.97999999999999998        1.0258727074045817E-002   5.2340444255335799E-003
  0.98999999999999999        1.0259472532643317E-002   5.1815517841632911E-003
   1.0000000000000000        1.0261151763241914E-002   5.1305758816209569E-003
   1.0100000000000000        1.0263151127403659E-002   5.0807678848532965E-003
   1.0200000000000000        1.0262733044307188E-002   5.0307514923074448E-003
   1.0300000000000000        1.0262275059277294E-002   4.9816869219792689E-003
   1.0400000000000000        1.0262400229929705E-002   4.9338462643892808E-003
   1.0500000000000000        1.0263486902460792E-002   4.8873747154575204E-003
   1.0600000000000001        1.0265424970513394E-002   4.8421815898648081E-003
   1.0700000000000001        1.0266865892497002E-002   4.7976008843443928E-003
   1.0800000000000001        1.0269099982761338E-002   4.7542129549821002E-003
   1.0900000000000001        1.0273209669657554E-002   4.7124814998429137E-003
   1.1000000000000001        1.0277453000822459E-002   4.6715695458283898E-003
   1.1100000000000001        1.0281917336887240E-002   4.6314942958951529E-003
   1.1200000000000001        1.0284728030321244E-002   4.5913964421076979E-003
   1.1300000000000001        1.0287460597765880E-002   4.5519737158256105E-003
   1.1400000000000001        1.0284986382955809E-002   4.5109589398928986E-003
   1.1500000000000001        1.0280079234691774E-002   4.4695996672572923E-003
   1.1599999999999999        1.0274795334773967E-002   4.4287910925749864E-003
   1.1699999999999999        1.0270712283705175E-002   4.3891932836346908E-003
   1.1799999999999999        1.0263270411277526E-002   4.3488433946091212E-003
   1.1899999999999999        1.0255507807238244E-002   4.3090368937975815E-003
   1.2000000000000000        1.0251503354381308E-002   4.2714597309922121E-003
   1.2100000000000000        1.0248291644035293E-002   4.2348312578658238E-003
   1.2200000000000000        1.0246644038108033E-002   4.1994442779131284E-003
   1.2300000000000000        1.0245306457031438E-002   4.1647587223705030E-003
   1.2400000000000000        1.0245268863241522E-002   4.1311567996941620E-003
   1.2500000000000000        1.0244326704223579E-002   4.0977306816894314E-003
   1.2600000000000000        1.0244312326105407E-002   4.0652033040100817E-003
   1.2700000000000000        1.0245850716975367E-002   4.0337994948721921E-003
   1.2800000000000000        1.0250047692399834E-002   4.0039248798436847E-003
   1.2900000000000000        1.0255181907257806E-002   3.9748767082394597E-003
   1.3000000000000000        1.0261278375620030E-002   3.9466455290846272E-003
   1.3100000000000001        1.0267292331026804E-002   3.9188138668041234E-003
   1.3200000000000001        1.0272392302216512E-002   3.8910576902335273E-003
   1.3300000000000001        1.0275275950984410E-002   3.8628856958588006E-003
   1.3400000000000001        1.0276783191660241E-002   3.8346205939030747E-003
   1.3500000000000001        1.0277747754104590E-002   3.8065732422609589E-003
   1.3600000000000001        1.0276875119254935E-002   3.7782629114907849E-003
   1.3700000000000001        1.0275859644873616E-002   3.7503137390049691E-003
   1.3800000000000001        1.0274777029111420E-002   3.7227453004026884E-003
   1.3900000000000001        1.0273048968139249E-002   3.6953413554457726E-003
   1.4000000000000001        1.0269544882234947E-002   3.6676946007981950E-003
   1.4099999999999999        1.0265234638992309E-002   3.6401541273022374E-003
   1.4199999999999999        1.0261529748984310E-002   3.6132147003465885E-003
   1.4299999999999999        1.0259163953806492E-002   3.5871202635687038E-003
   1.4399999999999999        1.0256896680011269E-002   3.5614224583372465E-003
   1.4500000000000000        1.0255569871247774E-002   3.5364034038785431E-003
   1.4600000000000000        1.0255382480321495E-002   3.5121172877813338E-003
   1.4700000000000000        1.0254989286152897E-002   3.4880915939295570E-003
   1.4800000000000000        1.0254313331830205E-002   3.4642950445372316E-003
   1.4900000000000000        1.0253622959404650E-002   3.4408130736257214E-003
   1.5000000000000000        1.0254666435144798E-002   3.4182221450482658E-003
   1.5100000000000000        1.0253710442396721E-002   3.3952683584095103E-003
   1.5200000000000000        1.0252673525251336E-002   3.3725899754116235E-003
   1.5300000000000000        1.0252268272615432E-002   3.3504144681749779E-003
   1.5400000000000000        1.0252140851446779E-002   3.3286171595606423E-003
   1.5500000000000000        1.0253828710402977E-002   3.3076866807751539E-003
   1.5600000000000001        1.0254129651033972E-002   3.2865800163570423E-003
   1.5700000000000001        1.0253315398687379E-002   3.2653870696456619E-003
   1.5800000000000001        1.0251833423237655E-002   3.2442510833030551E-003
   1.5900000000000001        1.0252475557866562E-002   3.2240489175681011E-003
   1.6000000000000001        1.0252773045462453E-002   3.2039915767070166E-003
   1.6100000000000001        1.0254437358089414E-002   3.1846078751830474E-003
   1.6200000000000001        1.0254098041267016E-002   3.1648450744651280E-003
   1.6300000000000001        1.0254638950115851E-002   3.1455947699741871E-003
   1.6400000000000001        1.0251138129993094E-002   3.1253469908515529E-003
   1.6500000000000001        1.0247303139008150E-002   3.1052433754570150E-003
   1.6600000000000001        1.0242867501157766E-002   3.0852010545655917E-003
   1.6699999999999999        1.0238128659097186E-002   3.0653079817656247E-003
   1.6799999999999999        1.0230132434690661E-002   3.0446822722293636E-003
   1.6899999999999999        1.0223420542303172E-002   3.0246806338175064E-003
   1.7000000000000000        1.0220680593600042E-002   3.0060825275294240E-003
   1.7100000000000000        1.0218688323987693E-002   2.9879205625695008E-003
   1.7200000000000000        1.0218843984135983E-002   2.9705941814348789E-003
   1.7300000000000000        1.0220511768915324E-002   2.9539051355246602E-003
   1.7400000000000000        1.0223783880532118E-002   2.9378689311873904E-003
   1.7500000000000000        1.0227449823724489E-002   2.9221285210641397E-003
   1.7600000000000000        1.0231398286784828E-002   2.9066472405638714E-003
   1.7700000000000000        1.0236527663880295E-002   2.8916744813221170E-003
   1.7800000000000000        1.0242795860013986E-002   2.8771898483185353E-003
   1.7900000000000000        1.0248685910814787E-002   2.8627614276018959E-003
   1.8000000000000000        1.0256029266925681E-002   2.8488970185904668E-003
   1.8100000000000001        1.0261084787261950E-002   2.8345538086358979E-003
   1.8200000000000001        1.0264541894071635E-002   2.8199290917779217E-003
   1.8300000000000001        1.0267011021641723E-002   2.8051942682081206E-003
   1.8400000000000001        1.0267899948291205E-002   2.7901902033400012E-003
   1.8500000000000001        1.0268539577858385E-002   2.7752809669887523E-003
   1.8600000000000001        1.0265598757234541E-002   2.7595695583963820E-003
   1.8700000000000001        1.0261776659354526E-002   2.7437905506295522E-003
   1.8800000000000001        1.0258785565159046E-002   2.7284004162657035E-003
   1.8900000000000001        1.0256185489731130E-002   2.7132765845849548E-003
   1.9000000000000001        1.0249363281881006E-002   2.6972008636528960E-003
   1.9100000000000001        1.0241198394541306E-002   2.6809419880998182E-003
   1.9199999999999999        1.0234559785124459E-002   2.6652499440428280E-003
   1.9299999999999999        1.0232485151355960E-002   2.6509028889523216E-003
   1.9399999999999999        1.0231605072997453E-002   2.6370116167519211E-003
   1.9500000000000000        1.0230665950182153E-002   2.6232476795338853E-003
   1.9600000000000000        1.0232241894882560E-002   2.6102657895108574E-003
   1.9700000000000000        1.0234298415520992E-002   2.5975376689139572E-003
   1.9800000000000000        1.0234994416858012E-002   2.5845945497116195E-003
   1.9900000000000000        1.0234407317402994E-002   2.5714591249756265E-003
   2.0000000000000000        1.0234754855321260E-002   2.5586887138303151E-003
   2.0100000000000002        1.0233137247746077E-002   2.5455565292900684E-003
   2.0200000000000000        1.0230992701100514E-002   2.5324239359159686E-003
   2.0300000000000002        1.0226701159596662E-002   2.5188919112307047E-003
   2.0400000000000000        1.0223569436768077E-002   2.5057768227372736E-003
   2.0499999999999998        1.0221830958688541E-002   2.4931295021191568E-003
   2.0600000000000001        1.0219759381131727E-002   2.4805241216339143E-003
   2.0699999999999998        1.0217341416109327E-002   2.4679568637945236E-003
   2.0800000000000001        1.0214426012668618E-002   2.4553908684299564E-003
   2.0899999999999999        1.0213734938857539E-002   2.4434772580998899E-003
   2.1000000000000001        1.0214549781065712E-002   2.4320356621585029E-003
   2.1099999999999999        1.0215195253987210E-002   2.4206623824614242E-003
   2.1200000000000001        1.0214794346113391E-002   2.4091496099324034E-003
   2.1299999999999999        1.0213304090041474E-002   2.3974892230144308E-003
   2.1400000000000001        1.0208352151686601E-002   2.3851290074034114E-003
   2.1499999999999999        1.0202964667486788E-002   2.3727824808108811E-003
   2.1600000000000001        1.0198666194430873E-002   2.3608023598219612E-003
   2.1699999999999999        1.0194718350307117E-002   2.3490134447712251E-003
   2.1800000000000002        1.0189633746964365E-002   2.3370719603129277E-003
   2.1899999999999999        1.0183972736460560E-002   2.3251079306987579E-003
   2.2000000000000002        1.0181648996784851E-002   2.3140111356329202E-003
   2.2100000000000000        1.0182699166183569E-002   2.3037780918967348E-003
   2.2200000000000002        1.0184379788384913E-002   2.2937792316182234E-003
   2.2300000000000000        1.0185058830805220E-002   2.2836454777590181E-003
   2.2400000000000002        1.0188014946028964E-002   2.2741104790243221E-003
   2.2500000000000000        1.0192337194610986E-002   2.2649638210246637E-003
   2.2600000000000002        1.0197370658767106E-002   2.2560554554794479E-003
   2.2700000000000000        1.0205731995980620E-002   2.2479585894230442E-003
   2.2800000000000002        1.0214623492223409E-002   2.2400490114525017E-003
   2.2900000000000000        1.0223441314892719E-002   2.2321924268324713E-003
   2.3000000000000003        1.0234343277496805E-002   2.2248572342384357E-003
   2.3100000000000001        1.0245087987441240E-002   2.2175515124331687E-003
   2.3199999999999998        1.0255093347876609E-002   2.2101494284216833E-003
   2.3300000000000001        1.0262888310203441E-002   2.2023365472539570E-003
   2.3399999999999999        1.0267528008411903E-002   2.1939162411136544E-003
   2.3500000000000001        1.0272413651829331E-002   2.1856199259211342E-003
   2.3599999999999999        1.0276237570338695E-002   2.1771689767666729E-003
   2.3700000000000001        1.0276811145819289E-002   2.1681036172614535E-003
   2.3799999999999999        1.0277723927008027E-002   2.1591856989512663E-003
   2.3900000000000001        1.0277490578678931E-002   2.1501026315227890E-003
   2.3999999999999999        1.0275259808680692E-002   2.1406791268084777E-003
   2.4100000000000001        1.0270174394579633E-002   2.1307415756389278E-003
   2.4199999999999999        1.0265539876880971E-002   2.1209793134051593E-003
   2.4300000000000002        1.0263474179757443E-002   2.1118259629130539E-003
   2.4399999999999999        1.0262502387529992E-002   2.1029718007233591E-003
   2.4500000000000002        1.0261358035457123E-002   2.0941547011136983E-003
   2.4600000000000000        1.0261034211062298E-002   2.0855760591590037E-003
   2.4700000000000002        1.0262272343661803E-002   2.0773830655185835E-003
   2.4800000000000000        1.0262823850978129E-002   2.0691177118907517E-003
   2.4900000000000002        1.0263414750446440E-002   2.0609266567161522E-003
   2.5000000000000000        1.0264431397371892E-002   2.0528862794743784E-003
   2.5100000000000002        1.0263955056956328E-002   2.0446125611466789E-003
   2.5200000000000000        1.0261365618938303E-002   2.0359852418528378E-003
   2.5300000000000002        1.0256434493964990E-002   2.0269633387282587E-003
   2.5400000000000000        1.0251784204560316E-002   2.0180677568032118E-003
   2.5500000000000003        1.0249587403704945E-002   2.0097230203343030E-003
   2.5600000000000001        1.0247207432510933E-002   2.0014077016622914E-003
   2.5699999999999998        1.0245313169640523E-002   1.9932515894242261E-003
   2.5800000000000001        1.0244411078513321E-002   1.9853509842080079E-003
   2.5899999999999999        1.0245074485599357E-002   1.9778136072585635E-003
   2.6000000000000001        1.0245212813803235E-002   1.9702332334236988E-003
   2.6099999999999999        1.0245039672896528E-002   1.9626512783326683E-003
   2.6200000000000001        1.0243307605740735E-002   1.9548296957520488E-003
   2.6299999999999999        1.0240911929902285E-002   1.9469414315403586E-003
   2.6400000000000001        1.0235057714477776E-002   1.9384579004692757E-003
   2.6499999999999999        1.0226562650738451E-002   1.9295401227808397E-003
   2.6600000000000001        1.0217920013036114E-002   1.9206616565857356E-003
   2.6699999999999999        1.0210309684784662E-002   1.9120430121319593E-003
   2.6800000000000002        1.0200467411238355E-002   1.9030722782161110E-003
   2.6899999999999999        1.0190715409201389E-002   1.8941850202976560E-003
   2.7000000000000002        1.0184038938644425E-002   1.8859331367860046E-003
   2.7100000000000000        1.0181187898927663E-002   1.8784479518316722E-003
   2.7200000000000002        1.0178519628554553E-002   1.8710514023078221E-003
   2.7300000000000000        1.0175966890811879E-002   1.8637301997823953E-003
   2.7400000000000002        1.0174294700670647E-002   1.8566231205603368E-003
   2.7500000000000000        1.0175512578026956E-002   1.8500931960049010E-003
   2.7600000000000002        1.0176550023662616E-002   1.8435779028374304E-003
   2.7700000000000000        1.0180261850182500E-002   1.8375923917296933E-003
   2.7800000000000002        1.0184314975504732E-002   1.8317113265296280E-003
   2.7900000000000000        1.0188281887621553E-002   1.8258569691078051E-003
   2.8000000000000003        1.0195034241595050E-002   1.8205418288562588E-003
   2.8100000000000001        1.0203686225084427E-002   1.8156025311538125E-003
   2.8199999999999998        1.0211187155318059E-002   1.8104941764748332E-003
   2.8300000000000001        1.0217512419543622E-002   1.8052142083999332E-003
   2.8399999999999999        1.0221114388280581E-002   1.7994919697677080E-003
   2.8500000000000001        1.0224799159075076E-002   1.7938244138728202E-003
   2.8599999999999999        1.0224692556142452E-002   1.7875336636612679E-003
   2.8700000000000001        1.0225076201520819E-002   1.7813721605436966E-003
   2.8799999999999999        1.0224626803687919E-002   1.7751088200847081E-003
   2.8900000000000001        1.0224684728257419E-002   1.7689765965843284E-003
   2.8999999999999999        1.0222603563621049E-002   1.7625178557967326E-003
   2.9100000000000001        1.0219914682674526E-002   1.7559990863701934E-003
   2.9199999999999999        1.0217573533313620E-002   1.7495845091290445E-003
   2.9300000000000002        1.0217510255493830E-002   1.7436024326781278E-003
   2.9399999999999999        1.0217837060094615E-002   1.7377273911725537E-003
   2.9500000000000002        1.0219263806405943E-002   1.7320786112552445E-003
   2.9600000000000000        1.0222205310844803E-002   1.7267238700751357E-003
   2.9700000000000002        1.0226031217866955E-002   1.7215540770819790E-003
   2.9800000000000000        1.0229513704274197E-002   1.7163613597775498E-003
   2.9900000000000002        1.0233345317106247E-002   1.7112617587134191E-003
   3.0000000000000000        1.0237538657804024E-002   1.7062564429673373E-003
   3.0100000000000002        1.0242282987855749E-002   1.7013759116039449E-003
   3.0200000000000000        1.0244703347244158E-002   1.6961429382854566E-003
   3.0300000000000002        1.0246760283764637E-002   1.6908845352746925E-003
   3.0400000000000000        1.0248024316662345E-002   1.6855303152405173E-003
   3.0500000000000003        1.0249854002262793E-002   1.6803039347971791E-003
   3.0600000000000001        1.0251640574383259E-002   1.6751046690168725E-003
   3.0700000000000003        1.0251901640624308E-002   1.6696908209485842E-003
   3.0800000000000001        1.0251996892665902E-002   1.6642852098483606E-003
   3.0899999999999999        1.0254702514514297E-002   1.6593369764586242E-003
   3.1000000000000001        1.0256465784703574E-002   1.6542686749521894E-003
   3.1099999999999999        1.0257736073511683E-002   1.6491537095677947E-003
   3.1200000000000001        1.0257993106492933E-002   1.6439091516815597E-003
   3.1299999999999999        1.0257265647334667E-002   1.6385408382323750E-003
   3.1400000000000001        1.0253383254022547E-002   1.6327043398125076E-003
   3.1499999999999999        1.0247503901436269E-002   1.6265879208628999E-003
   3.1600000000000001        1.0242117239881953E-002   1.6205881708673976E-003
   3.1699999999999999        1.0237221330142607E-002   1.6147036798332189E-003
   3.1800000000000002        1.0230354933274743E-002   1.6085463731564059E-003
   3.1899999999999999        1.0223335707820892E-002   1.6024037159593876E-003
   3.2000000000000002        1.0220579003360276E-002   1.5969654692750430E-003
   3.2100000000000000        1.0220219884146434E-002   1.5919345613935256E-003
   3.2200000000000002        1.0221928962090836E-002   1.5872560500141048E-003
   3.2300000000000000        1.0224577521373037E-002   1.5827519382930397E-003
   3.2400000000000002        1.0227998338509799E-002   1.5783948053255861E-003
   3.2500000000000000        1.0231661404466103E-002   1.5741017545332465E-003
   3.2600000000000002        1.0234452215325389E-002   1.5697012600192314E-003
   3.2700000000000000        1.0240895607367710E-002   1.5658861784965917E-003
   3.2800000000000002        1.0248558741128365E-002   1.5622802959037140E-003
   3.2900000000000000        1.0254752091404867E-002   1.5584729622195846E-003
   3.3000000000000003        1.0262208512547780E-002   1.5548800776587544E-003
   3.3100000000000001        1.0271418386031645E-002   1.5515737743250220E-003
   3.3200000000000003        1.0279202017927331E-002   1.5480725930613450E-003
   3.3300000000000001        1.0286300807300024E-002   1.5444896107057093E-003
   3.3399999999999999        1.0291310304396346E-002   1.5406153150293932E-003
   3.3500000000000001        1.0295455071087719E-002   1.5366350852369730E-003
   3.3599999999999999        1.0297711397281521E-002   1.5323975293573694E-003
   3.3700000000000001        1.0299456054496166E-002   1.5281092068985410E-003
   3.3799999999999999        1.0301909267584267E-002   1.5239510750864301E-003
   3.3900000000000001        1.0304863820312832E-002   1.5198914189251964E-003
   3.3999999999999999        1.0303939792820625E-002   1.5152852636500919E-003
   3.4100000000000001        1.0301350250035443E-002   1.5104619134949330E-003
   3.4199999999999999        1.0299758365598851E-002   1.5058126265495395E-003
   3.4300000000000002        1.0299982539993403E-002   1.5014551807570559E-003
   3.4399999999999999        1.0301926026288070E-002   1.4973729689372196E-003
   3.4500000000000002        1.0305128884076442E-002   1.4934969397212236E-003
   3.4600000000000000        1.0309595287891044E-002   1.4898259086547751E-003
   3.4700000000000002        1.0313737487281630E-002   1.4861293209339523E-003
   3.4800000000000000        1.0317000369353070E-002   1.4823276392748664E-003
   3.4900000000000002        1.0321008152801269E-002   1.4786544631520443E-003
   3.5000000000000000        1.0325454857439806E-002   1.4750649796342579E-003
   3.5100000000000002        1.0327583458850828E-002   1.4711657348790352E-003
   3.5200000000000000        1.0326781333541531E-002   1.4668723485144221E-003
   3.5300000000000002        1.0324998178360594E-002   1.4624643312125486E-003
   3.5400000000000000        1.0322991086390530E-002   1.4580495884732388E-003
   3.5500000000000003        1.0323905145703765E-002   1.4540711472822202E-003
   3.5600000000000001        1.0322944318235753E-002   1.4498517300892912E-003
   3.5700000000000003        1.0321171940786059E-002   1.4455422886254982E-003
   3.5800000000000001        1.0318804284212810E-002   1.4411737827112864E-003
   3.5899999999999999        1.0318321095802543E-002   1.4370920746243096E-003
   3.6000000000000001        1.0318342244025433E-002   1.4331030894479768E-003
   3.6099999999999999        1.0318887762360137E-002   1.4292088313518196E-003
   3.6200000000000001        1.0318902695847237E-002   1.4252628032938172E-003
   3.6299999999999999        1.0318146088809611E-002   1.4212322436376874E-003
   3.6400000000000001        1.0314388309988898E-002   1.4168115810424310E-003
   3.6499999999999999        1.0310513270087744E-002   1.4123990780942116E-003
   3.6600000000000001        1.0305426303196389E-002   1.4078451233874849E-003
   3.6699999999999999        1.0298403614367568E-002   1.4030522635378158E-003
   3.6800000000000002        1.0289484063486723E-002   1.3980277260172177E-003
   3.6899999999999999        1.0281523238810953E-002   1.3931603304621887E-003
   3.7000000000000002        1.0275926177511861E-002   1.3886386726367380E-003
   3.7100000000000000        1.0272947541716877E-002   1.3844942778594173E-003
   3.7200000000000002        1.0271079267533728E-002   1.3805214069265764E-003
   3.7300000000000000        1.0267222152004677E-002   1.3763032375341390E-003
   3.7400000000000002        1.0264207199212672E-002   1.3722202137984854E-003
   3.7500000000000000        1.0262335136885084E-002   1.3683113515846779E-003
   3.7600000000000002        1.0261650948062622E-002   1.3645812430934337E-003
   3.7700000000000000        1.0263683086216771E-002   1.3612311785433384E-003
   3.7800000000000002        1.0268429276785744E-002   1.3582578408446750E-003
   3.7900000000000000        1.0273703390645131E-002   1.3553698404545028E-003
   3.8000000000000003        1.0280597120242069E-002   1.3527101474002721E-003
   3.8100000000000001        1.0285484430177842E-002   1.3498011063225515E-003
   3.8200000000000003        1.0288176283121979E-002   1.3466199323458087E-003
   3.8300000000000001        1.0287473397377254E-002   1.3430121928690933E-003
   3.8399999999999999        1.0286555200745968E-002   1.3393952084304647E-003
   3.8500000000000001        1.0286225234078258E-002   1.3358734070231504E-003
   3.8599999999999999        1.0284798456816579E-002   1.3322277793803858E-003
   3.8700000000000001        1.0281588783600614E-002   1.3283706438760483E-003
   3.8799999999999999        1.0277505234275310E-002   1.3244207776127977E-003
   3.8900000000000001        1.0274369299300081E-002   1.3206130204755889E-003
   3.8999999999999999        1.0268913906314136E-002   1.3165274238864278E-003
   3.9100000000000001        1.0262203645273542E-002   1.3123022564288417E-003
   3.9199999999999999        1.0256259108521135E-002   1.3081963148623896E-003
   3.9300000000000002        1.0253302647800723E-002   1.3044914310179037E-003
   3.9399999999999999        1.0252244985454559E-002   1.3010463179510862E-003
   3.9500000000000002        1.0251616192345242E-002   1.2976729357399039E-003
   3.9600000000000000        1.0250903844969909E-002   1.2943060410315541E-003
   3.9700000000000002        1.0251784268885025E-002   1.2911567089275849E-003
   3.9800000000000000        1.0252125521457447E-002   1.2879554675197798E-003
   3.9900000000000002        1.0253790574452132E-002   1.2849361622120465E-003
   4.0000000000000000        1.0254876717642754E-002   1.2818595897053442E-003
   4.0099999999999998        1.0255718943541083E-002   1.2787679480724542E-003
   4.0200000000000005        1.0256111199705275E-002   1.2756357213563774E-003
   4.0300000000000002        1.0256587904793149E-002   1.2725295167237158E-003
   4.0400000000000000        1.0258364251535207E-002   1.2695995360810898E-003
   4.0499999999999998        1.0261277471103754E-002   1.2668243791486118E-003
   4.0600000000000005        1.0262545573176744E-002   1.2638602922631457E-003
   4.0700000000000003        1.0264276912139301E-002   1.2609676796239927E-003
   4.0800000000000001        1.0265487507200150E-002   1.2580254298039399E-003
   4.0899999999999999        1.0269322075060408E-002   1.2554183465844021E-003
   4.0999999999999996        1.0273719491138313E-002   1.2528926208705260E-003
   4.1100000000000003        1.0276391084435352E-002   1.2501692316831327E-003
   4.1200000000000001        1.0280768454159109E-002   1.2476660745338725E-003
   4.1299999999999999        1.0284523863494535E-002   1.2450997413431641E-003
   4.1399999999999997        1.0284279341854628E-002   1.2420627224462113E-003
   4.1500000000000004        1.0280866684396569E-002   1.2386586366742852E-003
   4.1600000000000001        1.0276570870546215E-002   1.2351647680944970E-003
   4.1699999999999999        1.0271104187019120E-002   1.2315472646305899E-003
   4.1799999999999997        1.0263948001887969E-002   1.2277449763023888E-003
   4.1900000000000004        1.0257019118351461E-002   1.2239879616171194E-003
   4.2000000000000002        1.0253458903970209E-002   1.2206498695202629E-003
   4.2100000000000000        1.0252711488279141E-002   1.2176616969452661E-003
   4.2199999999999998        1.0252240028207538E-002   1.2147203824890449E-003
   4.2300000000000004        1.0252379418061111E-002   1.2118651794398474E-003
   4.2400000000000002        1.0253163409258479E-002   1.2090994586389716E-003
   4.2500000000000000        1.0254183136545914E-002   1.2063744866524604E-003
   4.2599999999999998        1.0254844324969968E-002   1.2036202259354423E-003
   4.2700000000000005        1.0258670228000619E-002   1.2012494412178710E-003
   4.2800000000000002        1.0263955088753472E-002   1.1990601739197981E-003
   4.2900000000000000        1.0269773305390419E-002   1.1969432756865290E-003
   4.2999999999999998        1.0276722401275954E-002   1.1949677210785993E-003
   4.3100000000000005        1.0284436446514373E-002   1.1930900750016674E-003
   4.3200000000000003        1.0292366499318657E-002   1.1912461226063259E-003
   4.3300000000000001        1.0297925962239862E-002   1.1891369471408615E-003
   4.3399999999999999        1.0302381785553703E-002   1.1869103439578000E-003
   4.3500000000000005        1.0307681440234244E-002   1.1847909701418670E-003
   4.3600000000000003        1.0310830913171486E-002   1.1824347377490235E-003
   4.3700000000000001        1.0312375860320454E-002   1.1799057048421573E-003
   4.3799999999999999        1.0312957937674708E-002   1.1772783033875238E-003
   4.3899999999999997        1.0312945997698025E-002   1.1745952161387274E-003
   4.4000000000000004        1.0309608780411426E-002   1.1715464523194801E-003
   4.4100000000000001        1.0303622555043921E-002   1.1682111740412607E-003
   4.4199999999999999        1.0299854920050618E-002   1.1651419592817441E-003
   4.4299999999999997        1.0297511766962921E-002   1.1622473777610520E-003
   4.4400000000000004        1.0295750596832661E-002   1.1594313735171914E-003
   4.4500000000000002        1.0295131122377619E-002   1.1567563058851257E-003
   4.4600000000000000        1.0296449151118011E-002   1.1543104429504497E-003
   4.4699999999999998        1.0298803769589041E-002   1.1519914731083938E-003
   4.4800000000000004        1.0301192063954447E-002   1.1496866142806301E-003
   4.4900000000000002        1.0303838012501298E-002   1.1474207140870041E-003
   4.5000000000000000        1.0305677306324021E-002   1.1450752562582244E-003
   4.5099999999999998        1.0306016082769501E-002   1.1425738450963970E-003
   4.5200000000000005        1.0305768512424571E-002   1.1400186407549303E-003
   4.5300000000000002        1.0304496022485383E-002   1.1373615918858038E-003
   4.5400000000000000        1.0304115652529543E-002   1.1348144991772625E-003
   4.5499999999999998        1.0305395381325860E-002   1.1324610309149297E-003
   4.5600000000000005        1.0303876218256656E-002   1.1298109888439314E-003
   4.5700000000000003        1.0303902417126887E-002   1.1273416211298563E-003
   4.5800000000000001        1.0303582642760895E-002   1.1248452666769537E-003
   4.5899999999999999        1.0306091156417438E-002   1.1226678819626838E-003
   4.6000000000000005        1.0309654403090741E-002   1.1206146090316021E-003
   4.6100000000000003        1.0313894740781529E-002   1.1186436812127471E-003
   4.6200000000000001        1.0316187326869166E-002   1.1164704899209053E-003
   4.6299999999999999        1.0317825150490293E-002   1.1142359773747617E-003
   4.6399999999999997        1.0315291007831479E-002   1.1115615310163232E-003
   4.6500000000000004        1.0310838575654294E-002   1.1086923199628272E-003
   4.6600000000000001        1.0305713149486820E-002   1.1057632134642511E-003
   4.6699999999999999        1.0301451404244120E-002   1.1029391225100772E-003
   4.6799999999999997        1.0295664455600092E-002   1.0999641512393261E-003
   4.6900000000000004        1.0289639254886485E-002   1.0969764664058084E-003
   4.7000000000000002        1.0286372362127085E-002   1.0942949321411793E-003
   4.7100000000000000        1.0284059716502363E-002   1.0917260845543909E-003
   4.7199999999999998        1.0282500390924459E-002   1.0892479227674215E-003
   4.7300000000000004        1.0280998709897609E-002   1.0867863329701488E-003
   4.7400000000000002        1.0281149718593638E-002   1.0845094639866705E-003
   4.7500000000000000        1.0282699768166866E-002   1.0823894492807227E-003
   4.7599999999999998        1.0285398856060187E-002   1.0803990395021207E-003
   4.7700000000000005        1.0290156111219825E-002   1.0786327160607781E-003
   4.7800000000000002        1.0295509787067860E-002   1.0769361701953829E-003
   4.7900000000000000        1.0300778444449611E-002   1.0752378334498551E-003
   4.7999999999999998        1.0307002330072746E-002   1.0736460760492445E-003
   4.8100000000000005        1.0312616971787380E-002   1.0719976062149043E-003
   4.8200000000000003        1.0317573816229626E-002   1.0702877402727826E-003
   4.8300000000000001        1.0319456445041021E-002   1.0682667127371657E-003
   4.8399999999999999        1.0321390687827664E-002   1.0662593685772381E-003
   4.8500000000000005        1.0322507737298221E-002   1.0641760553915689E-003
   4.8600000000000003        1.0322022409119730E-002   1.0619364618435934E-003
   4.8700000000000001        1.0320479835883620E-002   1.0595975190845605E-003
   4.8799999999999999        1.0320098018523318E-002   1.0573870920618153E-003
   4.8899999999999997        1.0319480244890959E-002   1.0551615792322045E-003
   4.9000000000000004        1.0317876861396059E-002   1.0528445776934754E-003
   4.9100000000000001        1.0313306113284730E-002   1.0502348384200336E-003
   4.9199999999999999        1.0309319137256585E-002   1.0476950342740432E-003
   4.9299999999999997        1.0307140421451200E-002   1.0453489271248682E-003
   4.9400000000000004        1.0308442753282422E-002   1.0433646511419455E-003
   4.9500000000000002        1.0309769622272870E-002   1.0413908709366534E-003
   4.9600000000000000        1.0313211412658639E-002   1.0396382472438145E-003
   4.9699999999999998        1.0317384820711884E-002   1.0379662797496867E-003
   4.9800000000000004        1.0321832956215242E-002   1.0363286100617713E-003
   4.9900000000000002        1.0325899148188386E-002   1.0346592332854095E-003
   5.0000000000000000        1.0329609863284446E-002   1.0329609863284446E-003
   5.0099999999999998        1.0332854517039405E-002   1.0312230056925555E-003
   5.0200000000000005        1.0333447147810244E-002   1.0292278035667574E-003
   5.0300000000000002        1.0332397946937411E-002   1.0270773307094840E-003
   5.0400000000000000        1.0331873692643647E-002   1.0249874695082983E-003
   5.0499999999999998        1.0334599305330155E-002   1.0232276539930848E-003
   5.0600000000000005        1.0335808463519926E-002   1.0213249469881349E-003
   5.0700000000000003        1.0338160522935010E-002   1.0195424578831370E-003
   5.0800000000000001        1.0339406024258025E-002   1.0176580732537425E-003
   5.0899999999999999        1.0342533842950318E-002   1.0159659963605420E-003
   5.1000000000000005        1.0346924506921946E-002   1.0144043634237202E-003
   5.1100000000000003        1.0351377919143508E-002   1.0128549823036699E-003
   5.1200000000000001        1.0353431046506420E-002   1.0110772506353926E-003
   5.1299999999999999        1.0353603401795806E-002   1.0091231385765892E-003
   5.1399999999999997        1.0348452926551755E-002   1.0066588449953069E-003
   5.1500000000000004        1.0343177250689513E-002   1.0041919660863604E-003
   5.1600000000000001        1.0338512024893467E-002   1.0017938008617701E-003
   5.1699999999999999        1.0332883054422509E-002   9.9931170739095843E-004
   5.1799999999999997        1.0327515768781336E-002   9.9686445644607503E-004
   5.1900000000000004        1.0322304675061100E-002   9.9444168353189774E-004
   5.2000000000000002        1.0319943804042780E-002   9.9230228885026730E-004
   5.2100000000000000        1.0319416936773188E-002   9.9034711485347302E-004
   5.2199999999999998        1.0319404557853545E-002   9.8844871243807908E-004
   5.2300000000000004        1.0320948097877635E-002   9.8670631910876042E-004
   5.2400000000000002        1.0323243724331115E-002   9.8504234010793074E-004
   5.2500000000000000        1.0325991142526077E-002   9.8342772785962635E-004
   5.2599999999999998        1.0330678991651340E-002   9.8200370643073591E-004
   5.2700000000000005        1.0336734747924764E-002   9.8071487171961700E-004
   5.2800000000000002        1.0344466873567930E-002   9.7958966605756902E-004
   5.2900000000000000        1.0352619261755982E-002   9.7850843683893970E-004
   5.2999999999999998        1.0361339952519397E-002   9.7748490118107533E-004
   5.3100000000000005        1.0369202013219088E-002   9.7638437035961272E-004
   5.3200000000000003        1.0375822753616665E-002   9.7517131143013769E-004
   5.3300000000000001        1.0380128852222340E-002   9.7374567094018203E-004
   5.3399999999999999        1.0382890406976550E-002   9.7218074971690543E-004
   5.3500000000000005        1.0384693925262024E-002   9.7053214254785262E-004
   5.3600000000000003        1.0386576562866049E-002   9.6889706743153435E-004
   5.3700000000000001        1.0385288308584255E-002   9.6697284065030303E-004
   5.3799999999999999        1.0384780744612443E-002   9.6512832199000399E-004
   5.3899999999999997        1.0384143040433839E-002   9.6327857517939145E-004
   5.4000000000000004        1.0380632650873127E-002   9.6116968989565980E-004
   5.4100000000000001        1.0375731696433846E-002   9.5894008284970846E-004
   5.4199999999999999        1.0371315089764686E-002   9.5676338466463891E-004
   5.4299999999999997        1.0369126751580787E-002   9.5479988504427137E-004
   5.4400000000000004        1.0367938269243549E-002   9.5293550268782618E-004
   5.4500000000000002        1.0368045460269515E-002   9.5119683121738666E-004
   5.4600000000000000        1.0369298106944275E-002   9.4956942371284578E-004
   5.4699999999999998        1.0371069836269689E-002   9.4799541464988017E-004
   5.4800000000000004        1.0372786073767426E-002   9.4642208702257528E-004
   5.4900000000000002        1.0375536532250306E-002   9.4494868235430829E-004
   5.5000000000000000        1.0379083562932542E-002   9.4355305117568562E-004
   5.5099999999999998        1.0381212457011978E-002   9.4203379827694899E-004
   5.5200000000000005        1.0382199353665153E-002   9.4041660812184348E-004
   5.5300000000000002        1.0382972419900360E-002   9.3878593308321511E-004
   5.5400000000000000        1.0384327136083874E-002   9.3721364044078287E-004
   5.5499999999999998        1.0386475323274741E-002   9.3571849759231901E-004
   5.5600000000000005        1.0386659813139581E-002   9.3405214146938676E-004
   5.5700000000000003        1.0387652803018226E-002   9.3246434497470606E-004
   5.5800000000000001        1.0387802053473049E-002   9.3080663561586458E-004
   5.5899999999999999        1.0390196257098453E-002   9.2935565805889566E-004
   5.6000000000000005        1.0391319008366722E-002   9.2779634003274289E-004
   5.6100000000000003        1.0390799136176611E-002   9.2609617969488501E-004
   5.6200000000000001        1.0389018529641907E-002   9.2428990477241163E-004
   5.6299999999999999        1.0387245982371016E-002   9.2249076219991265E-004
   5.6399999999999997        1.0381330949993498E-002   9.2033075797814706E-004
   5.6500000000000004        1.0375326102685298E-002   9.1817045156507065E-004
   5.6600000000000001        1.0368898140750140E-002   9.1598040112633749E-004
   5.6699999999999999        1.0362064157128736E-002   9.1376227135174038E-004
   5.6799999999999997        1.0353622498279929E-002   9.1141043118661352E-004
   5.6900000000000004        1.0345808105933777E-002   9.0912197767432131E-004
   5.7000000000000002        1.0340268552103743E-002   9.0704110106173182E-004
   5.7100000000000000        1.0335690780138624E-002   9.0505173206117549E-004
   5.7199999999999998        1.0332658423806490E-002   9.0320440767539248E-004
   5.7300000000000004        1.0330218337031708E-002   9.0141521265547193E-004
   5.7400000000000002        1.0329285152742540E-002   8.9976351504725955E-004
   5.7500000000000000        1.0328746926480220E-002   8.9815190665045396E-004
   5.7599999999999998        1.0328936161316990E-002   8.9660904178098875E-004
   5.7700000000000005        1.0332760894883634E-002   8.9538655934866837E-004
   5.7800000000000002        1.0336108985123242E-002   8.9412707483765060E-004
   5.7900000000000000        1.0340657668881210E-002   8.9297561907437050E-004
   5.7999999999999998        1.0345509672999272E-002   8.9185428215510969E-004
   5.8100000000000005        1.0350520425983894E-002   8.9075046695214226E-004
   5.8200000000000003        1.0354233711069642E-002   8.8953897861423028E-004
   5.8300000000000001        1.0355231687129362E-002   8.8809877248107729E-004
   5.8399999999999999        1.0354739142729922E-002   8.8653588550769878E-004
   5.8500000000000005        1.0354276035747678E-002   8.8498085775621171E-004
   5.8600000000000003        1.0352684061054471E-002   8.8333481749611523E-004
   5.8700000000000001        1.0350179821017044E-002   8.8161667981405823E-004
   5.8799999999999999        1.0348559146108351E-002   8.7997951922690065E-004
   5.8899999999999997        1.0345638280979196E-002   8.7823754507463465E-004
   5.9000000000000004        1.0341704600342139E-002   8.7641564409679138E-004
   5.9100000000000001        1.0336545577862693E-002   8.7449624178195361E-004
   5.9199999999999999        1.0333296086356508E-002   8.7274460188821858E-004
   5.9299999999999997        1.0331113751206752E-002   8.7108884917426249E-004
   5.9400000000000004        1.0331175832244627E-002   8.6962759530678671E-004
   5.9500000000000002        1.0330355177599133E-002   8.6809707374782628E-004
   5.9600000000000000        1.0331155692542280E-002   8.6670769232737250E-004
   5.9699999999999998        1.0332530005256413E-002   8.6537102221577998E-004
   5.9800000000000004        1.0334079223672101E-002   8.6405344679532615E-004
   5.9900000000000002        1.0335165863488160E-002   8.6270165805410340E-004
   6.0000000000000000        1.0334862183707352E-002   8.6123851530894597E-004
   6.0099999999999998        1.0334117754870621E-002   8.5974357361652423E-004
   6.0200000000000005        1.0331337118527767E-002   8.5808447828303704E-004
   6.0300000000000002        1.0328043661483398E-002   8.5638836330708106E-004
   6.0400000000000000        1.0326239938479304E-002   8.5482118696020726E-004
   6.0499999999999998        1.0325933614700713E-002   8.5338294336369529E-004
   6.0600000000000005        1.0325427353409933E-002   8.5193294995131457E-004
   6.0700000000000003        1.0325697468298561E-002   8.5055168602129821E-004
   6.0800000000000001        1.0324882005694478E-002   8.4908569125776963E-004
   6.0899999999999999        1.0326538013949987E-002   8.4782742314860318E-004
   6.1000000000000005        1.0327233851196240E-002   8.4649457796690485E-004
   6.1100000000000003        1.0327234029349475E-002   8.4510916770453963E-004
   6.1200000000000001        1.0326293335554588E-002   8.4365141630347938E-004
   6.1299999999999999        1.0323911787115768E-002   8.4208089617583757E-004
   6.1400000000000006        1.0317831703322957E-002   8.4021430808818858E-004
   6.1500000000000004        1.0313094342454036E-002   8.3846295467105976E-004
   6.1600000000000001        1.0308308444777491E-002   8.3671334779038080E-004
   6.1699999999999999        1.0303246999441976E-002   8.3494708261280196E-004
   6.1799999999999997        1.0296540715895912E-002   8.3305345597863370E-004
   6.1900000000000004        1.0289597045733456E-002   8.3114677267636956E-004
   6.2000000000000002        1.0285714453364111E-002   8.2949310107775093E-004
   6.2100000000000000        1.0284273713741710E-002   8.2804136181495252E-004
   6.2199999999999998        1.0284590045530534E-002   8.2673553420663454E-004
   6.2300000000000004        1.0285090864586413E-002   8.2544870502298650E-004
   6.2400000000000002        1.0286169090200062E-002   8.2421226684295371E-004
   6.2500000000000000        1.0287356291253234E-002   8.2298850330025876E-004
   6.2599999999999998        1.0287789900231588E-002   8.2170845848495106E-004
   6.2700000000000005        1.0289994878934868E-002   8.2057375430102605E-004
   6.2800000000000002        1.0292974831135468E-002   8.1950436553626335E-004
   6.2900000000000000        1.0295994922661209E-002   8.1844156777911045E-004
   6.2999999999999998        1.0300859679906085E-002   8.1752854602429250E-004
   6.3100000000000005        1.0304180222551824E-002   8.1649605566971655E-004
   6.3200000000000003        1.0308562723709952E-002   8.1555084839477464E-004
   6.3300000000000001        1.0311014699530035E-002   8.1445613740363629E-004
   6.3399999999999999        1.0311969455836392E-002   8.1324680251075652E-004
   6.3500000000000005        1.0312905885951644E-002   8.1203983353949944E-004
   6.3600000000000003        1.0313448483591933E-002   8.1080569839559217E-004
   6.3700000000000001        1.0312487308280984E-002   8.0945740253382927E-004
   6.3799999999999999        1.0312502562475439E-002   8.0818985599337293E-004
   6.3900000000000006        1.0311630286420743E-002   8.0685682992337579E-004
   6.4000000000000004        1.0310336302808922E-002   8.0549502365694699E-004
   6.4100000000000001        1.0307291869724306E-002   8.0400092587553089E-004
   6.4199999999999999        1.0305646126100427E-002   8.0262041480532917E-004
   6.4299999999999997        1.0306297203163927E-002   8.0142279962394463E-004
   6.4400000000000004        1.0307815233012409E-002   8.0029621374319939E-004
   6.4500000000000002        1.0309116747411728E-002   7.9915633700866108E-004
   6.4600000000000000        1.0311762264685978E-002   7.9812401429458038E-004
   6.4699999999999998        1.0314835992281690E-002   7.9712797467401013E-004
   6.4800000000000004        1.0317116763029531E-002   7.9607382430783413E-004
   6.4900000000000002        1.0319697815804562E-002   7.9504605668756251E-004
   6.5000000000000000        1.0322590350841635E-002   7.9404541160320264E-004
   6.5099999999999998        1.0325545191143875E-002   7.9305262604791667E-004
   6.5200000000000005        1.0328841633958119E-002   7.9208908235875138E-004
   6.5300000000000002        1.0331211923598317E-002   7.9105757454811000E-004
   6.5400000000000000        1.0333180002104253E-002   7.8999847110888788E-004
   6.5499999999999998        1.0335873460261432E-002   7.8899797406575822E-004
   6.5600000000000005        1.0338864625284515E-002   7.8802321839058795E-004
   6.5700000000000003        1.0342986282705760E-002   7.8713746443727242E-004
   6.5800000000000001        1.0345855244058946E-002   7.8615921307438803E-004
   6.5899999999999999        1.0349191249933151E-002   7.8521936645926797E-004
   6.6000000000000005        1.0352461920561877E-002   7.8427741822438459E-004
   6.6100000000000003        1.0356170308787684E-002   7.8337143031676881E-004
   6.6200000000000001        1.0359138548146274E-002   7.8241227705032280E-004
   6.6299999999999999        1.0360907526832035E-002   7.8136557517586994E-004
   6.6400000000000006        1.0359113894440544E-002   7.8005375711148663E-004
   6.6500000000000004        1.0356471607717794E-002   7.7868207576825511E-004
   6.6600000000000001        1.0352326093925895E-002   7.7720165870314524E-004
   6.6699999999999999        1.0348030626352841E-002   7.7571443975658471E-004
   6.6799999999999997        1.0342810628646636E-002   7.7416247220408953E-004
   6.6900000000000004        1.0336438912150738E-002   7.7252906667793259E-004
   6.7000000000000002        1.0330692797014067E-002   7.7094722365776615E-004
   6.7100000000000000        1.0325887005582976E-002   7.6944016435044529E-004
   6.7199999999999998        1.0320710556508721E-002   7.6791001164499423E-004
   6.7300000000000004        1.0316463540928609E-002   7.6645345772129332E-004
   6.7400000000000002        1.0314181267585468E-002   7.6514697830752730E-004
   6.7500000000000000        1.0312975968633117E-002   7.6392414582467528E-004
   6.7599999999999998        1.0311983835983893E-002   7.6272069792780283E-004
   6.7700000000000005        1.0314353415061978E-002   7.6176908530738380E-004
   6.7800000000000002        1.0318200279202593E-002   7.6092922412998468E-004
   6.7900000000000000        1.0322337136752752E-002   7.6011319121890668E-004
   6.7999999999999998        1.0328964118643274E-002   7.5948265578259361E-004
   6.8100000000000005        1.0336106467538382E-002   7.5889181112616605E-004
   6.8200000000000003        1.0340953641690189E-002   7.5813443120895812E-004
   6.8300000000000001        1.0343585009976139E-002   7.5721705783134250E-004
   6.8399999999999999        1.0344411591557155E-002   7.5617043797932427E-004
   6.8500000000000005        1.0345500175495272E-002   7.5514599821133361E-004
   6.8600000000000003        1.0342321074059227E-002   7.5381348936291736E-004
   6.8700000000000001        1.0339370971150797E-002   7.5250152628462865E-004
   6.8799999999999999        1.0338485083070507E-002   7.5134339266500773E-004
   6.8900000000000006        1.0336818320049174E-002   7.5013195355944648E-004
   6.9000000000000004        1.0332093435701378E-002   7.4870242287691140E-004
   6.9100000000000001        1.0325151109904278E-002   7.4711657814068575E-004
   6.9199999999999999        1.0318923892546038E-002   7.4558698645563854E-004
   6.9299999999999997        1.0316790344006547E-002   7.4435716767724000E-004
   6.9400000000000004        1.0316656137682395E-002   7.4327493787337134E-004
   6.9500000000000002        1.0316129399755958E-002   7.4216758271625596E-004
   6.9600000000000000        1.0318237882383501E-002   7.4125272143559635E-004
   6.9699999999999998        1.0321787998339061E-002   7.4044390231987531E-004
   6.9800000000000004        1.0325122189886949E-002   7.3962193337299054E-004
   6.9900000000000002        1.0327794365743548E-002   7.3875496178423081E-004
   7.0000000000000000        1.0330666479051571E-002   7.3790474850368368E-004
   7.0099999999999998        1.0334263459146382E-002   7.3710866327720279E-004
   7.0200000000000005        1.0337088982466883E-002   7.3625989903610279E-004
   7.0300000000000002        1.0338003334930073E-002   7.3527761983855429E-004
   7.0400000000000000        1.0337761640900184E-002   7.3421602563211535E-004
   7.0499999999999998        1.0340426215732015E-002   7.3336356139943378E-004
   7.0600000000000005        1.0343219262204294E-002   7.3252261063769784E-004
   7.0700000000000003        1.0345246645315876E-002   7.3162989005062773E-004
   7.0800000000000001        1.0347784156447862E-002   7.3077571726326714E-004
   7.0899999999999999        1.0353312697935596E-002   7.3013488701943556E-004
   7.1000000000000005        1.0358717541134026E-002   7.2948715078408630E-004
   7.1100000000000003        1.0364593072033740E-002   7.2887433699252743E-004
   7.1200000000000001        1.0370090710242374E-002   7.2823670717994194E-004
   7.1299999999999999        1.0374361952054181E-002   7.2751486339790890E-004
   7.1400000000000006        1.0374629084200702E-002   7.2651464175074937E-004
   7.1500000000000004        1.0373634681273669E-002   7.2542899869046634E-004
   7.1600000000000001        1.0370266143390424E-002   7.2418059660547655E-004
   7.1699999999999999        1.0365751267109525E-002   7.2285573689745647E-004
   7.1799999999999997        1.0358731432593781E-002   7.2136012761795135E-004
   7.1900000000000004        1.0351295497175228E-002   7.1983974250175431E-004
   7.2000000000000002        1.0346232756584353E-002   7.1848838587391343E-004
   7.2100000000000000        1.0343359303847147E-002   7.1729260082157751E-004
   7.2199999999999998        1.0341208936786746E-002   7.1615020337858354E-004
   7.2300000000000004        1.0339491182808120E-002   7.1504088401162650E-004
   7.2400000000000002        1.0340041239813526E-002   7.1409124584347549E-004
   7.2500000000000000        1.0341973596255286E-002   7.1323955836243350E-004
   7.2599999999999998        1.0343289508759906E-002   7.1234776231128831E-004
   7.2700000000000005        1.0347773166729725E-002   7.1167628381910066E-004
   7.2800000000000002        1.0352026032629838E-002   7.1099079894435696E-004
   7.2900000000000000        1.0355986308130661E-002   7.1028712675793280E-004
   7.2999999999999998        1.0361655048756505E-002   7.0970240059976060E-004
   7.3100000000000005        1.0366647648857790E-002   7.0907302659766001E-004
   7.3200000000000003        1.0368886809635745E-002   7.0825729574014646E-004
   7.3300000000000001        1.0369912922867645E-002   7.0736104521607404E-004
   7.3399999999999999        1.0370214077984089E-002   7.0641785272371183E-004
   7.3500000000000005        1.0369434084811365E-002   7.0540367923886834E-004
   7.3600000000000003        1.0367684915485844E-002   7.0432642088898395E-004
   7.3700000000000001        1.0364964503504163E-002   7.0318619426758223E-004
   7.3799999999999999        1.0362924886321633E-002   7.0209518200011064E-004
   7.3900000000000006        1.0360921517818483E-002   7.0100957495388913E-004
   7.4000000000000004        1.0358035865020973E-002   6.9986728817709272E-004
   7.4100000000000001        1.0354240866427751E-002   6.9866672513007764E-004
   7.4199999999999999        1.0352915430861115E-002   6.9763581070492685E-004
   7.4299999999999997        1.0351830772507795E-002   6.9662387432757708E-004
   7.4400000000000004        1.0352875594783114E-002   6.9575776846660716E-004
   7.4500000000000002        1.0353373943859923E-002   6.9485731166845125E-004
   7.4600000000000000        1.0354957365733261E-002   6.9403199502233656E-004
   7.4699999999999998        1.0357905117349134E-002   6.9330020865790724E-004
   7.4800000000000004        1.0360493980686772E-002   6.9254638908334035E-004
   7.4900000000000002        1.0362566922355538E-002   6.9176014167927490E-004
   7.5000000000000000        1.0366033209282942E-002   6.9106888061886275E-004
   7.5099999999999998        1.0368156201042682E-002   6.9029002670057803E-004
   7.5200000000000005        1.0370130659035203E-002   6.8950336828691502E-004
   7.5300000000000002        1.0370429405672224E-002   6.8860753025711972E-004
   7.5400000000000000        1.0369903919250656E-002   6.8765941109089231E-004
   7.5499999999999998        1.0370130939525771E-002   6.8676363837919018E-004
   7.5600000000000005        1.0369215926324884E-002   6.8579470412201611E-004
   7.5700000000000003        1.0368196315917342E-002   6.8482142113060387E-004
   7.5800000000000001        1.0367565457368668E-002   6.8387634943065090E-004
   7.5899999999999999        1.0369332555123959E-002   6.8309173617417385E-004
   7.6000000000000005        1.0371469603829979E-002   6.8233352656776175E-004
   7.6100000000000003        1.0372842031371166E-002   6.8152707170638413E-004
   7.6200000000000001        1.0374218660213194E-002   6.8072300920034084E-004
   7.6299999999999999        1.0376617477442503E-002   6.7998803915088487E-004
   7.6400000000000006        1.0376265966162600E-002   6.7907499778551046E-004
   7.6500000000000004        1.0375010967553088E-002   6.7810529199693382E-004
   7.6600000000000001        1.0372854348182078E-002   6.7707926554713303E-004
   7.6699999999999999        1.0372073260683588E-002   6.7614558413843474E-004
   7.6799999999999997        1.0369547017655460E-002   6.7510071729527741E-004
   7.6900000000000004        1.0365444636202845E-002   6.7395608817963880E-004
   7.7000000000000002        1.0363991890229272E-002   6.7298648637852414E-004
   7.7100000000000000        1.0363849223227245E-002   6.7210435948296019E-004
   7.7199999999999998        1.0362156187382815E-002   6.7112410540044135E-004
   7.7300000000000004        1.0359756260221634E-002   6.7010066366246014E-004
   7.7400000000000002        1.0357890142255544E-002   6.6911435027490593E-004
   7.7500000000000000        1.0355669121530211E-002   6.6810768526001359E-004
   7.7599999999999998        1.0355130296068790E-002   6.6721200361267974E-004
   7.7700000000000005        1.0355613495436766E-002   6.6638439481575063E-004
   7.7800000000000002        1.0357739134611724E-002   6.6566446880538075E-004
   7.7900000000000000        1.0359013294081364E-002   6.6489173902961260E-004
   7.7999999999999998        1.0362641179756672E-002   6.6427187049722261E-004
   7.8100000000000005        1.0366082169306335E-002   6.6364162415533513E-004
   7.8200000000000003        1.0367413807190667E-002   6.6287812066436488E-004
   7.8300000000000001        1.0366707939621845E-002   6.6198645846882794E-004
   7.8399999999999999        1.0364167036280488E-002   6.6098004057911280E-004
   7.8500000000000005        1.0360943985705072E-002   6.5993273794299817E-004
   7.8600000000000003        1.0356588700968653E-002   6.5881607512523232E-004
   7.8700000000000001        1.0350863554900482E-002   6.5761521949812460E-004
   7.8799999999999999        1.0346728642505913E-002   6.5651831487981681E-004
   7.8900000000000006        1.0343712712888128E-002   6.5549510221090800E-004
   7.9000000000000004        1.0338948401375385E-002   6.5436382287185977E-004
   7.9100000000000001        1.0334453958224073E-002   6.5325246259317785E-004
   7.9199999999999999        1.0332951824744183E-002   6.5233281721869835E-004
   7.9300000000000006        1.0331544717005450E-002   6.5142148278722882E-004
   7.9400000000000004        1.0331745415269513E-002   6.5061369113787867E-004
   7.9500000000000002        1.0332610016975078E-002   6.4984968660220617E-004
   7.9600000000000000        1.0334020161031602E-002   6.4912186941153279E-004
   7.9699999999999998        1.0338154148259626E-002   6.4856675961478204E-004
   7.9800000000000004        1.0341627252073084E-002   6.4797163233540627E-004
   7.9900000000000002        1.0345347354732424E-002   6.4739345148513282E-004
   8.0000000000000000        1.0349680404351486E-002   6.4685502527196789E-004
   8.0099999999999998        1.0353075694110163E-002   6.4625940662360571E-004
   8.0199999999999996        1.0355873154483200E-002   6.4562800214982554E-004
   8.0299999999999994        1.0357686228002870E-002   6.4493687596530954E-004
   8.0400000000000009        1.0360581816007030E-002   6.4431478955267595E-004
   8.0500000000000007        1.0364090288770202E-002   6.4373231607268327E-004
   8.0600000000000005        1.0366197472350618E-002   6.4306435932696136E-004
   8.0700000000000003        1.0368486128195476E-002   6.4240930162301588E-004
   8.0800000000000001        1.0370452097367332E-002   6.4173589711431507E-004
   8.0899999999999999        1.0375181005185193E-002   6.4123491997436304E-004
   8.0999999999999996        1.0379629902883582E-002   6.4071789523972725E-004
   8.1099999999999994        1.0384347518754456E-002   6.4021871262357930E-004
   8.1200000000000010        1.0388124752518759E-002   6.3966285421913536E-004
   8.1300000000000008        1.0390628462544025E-002   6.3903004074686493E-004
   8.1400000000000006        1.0390160161501348E-002   6.3821622613644642E-004
   8.1500000000000004        1.0388149893121616E-002   6.3730980939396414E-004
   8.1600000000000001        1.0385958675797035E-002   6.3639452670324968E-004
   8.1699999999999999        1.0382036272129962E-002   6.3537553685005885E-004
   8.1799999999999997        1.0376435258064148E-002   6.3425643386700171E-004
   8.1899999999999995        1.0370835120019515E-002   6.3314011721730869E-004
   8.1999999999999993        1.0367904580611667E-002   6.3218930369583336E-004
   8.2100000000000009        1.0367812754864507E-002   6.3141368787238161E-004
   8.2200000000000006        1.0368885014048524E-002   6.3071076727789068E-004
   8.2300000000000004        1.0368980979033444E-002   6.2995024173957736E-004
   8.2400000000000002        1.0370914405226779E-002   6.2930305856958614E-004
   8.2500000000000000        1.0373814531053833E-002   6.2871603218508075E-004
   8.2599999999999998        1.0375540007135937E-002   6.2805932246585571E-004
   8.2699999999999996        1.0378818086016125E-002   6.2749807049674276E-004
   8.2799999999999994        1.0383284557380221E-002   6.2700993703986854E-004
   8.2900000000000009        1.0387631646459550E-002   6.2651578084798243E-004
   8.3000000000000007        1.0393846314451793E-002   6.2613532014769828E-004
   8.3100000000000005        1.0400588100753960E-002   6.2578749102009377E-004
   8.3200000000000003        1.0406973130746710E-002   6.2541905833814367E-004
   8.3300000000000001        1.0410570746412422E-002   6.2488419846413101E-004
   8.3399999999999999        1.0413321427642740E-002   6.2429984578193888E-004
   8.3499999999999996        1.0415367090622314E-002   6.2367467608516849E-004
   8.3599999999999994        1.0415120688310778E-002   6.2291391676499877E-004
   8.3700000000000010        1.0413895387468087E-002   6.2209649865400745E-004
   8.3800000000000008        1.0412918061520463E-002   6.2129582705969342E-004
   8.3900000000000006        1.0410647255966944E-002   6.2041997949743410E-004
   8.4000000000000004        1.0406016577154275E-002   6.1940574864013541E-004
   8.4100000000000001        1.0402189642756632E-002   6.1844171478933597E-004
   8.4199999999999999        1.0400952319435764E-002   6.1763374818502167E-004
   8.4299999999999997        1.0401121582156015E-002   6.1691112586927728E-004
   8.4399999999999995        1.0403328849534805E-002   6.1631095080182498E-004
   8.4499999999999993        1.0405639511051678E-002   6.1571831426341294E-004
   8.4600000000000009        1.0407974046856292E-002   6.1512848976692021E-004
   8.4700000000000006        1.0410738122128003E-002   6.1456541452939797E-004
   8.4800000000000004        1.0412517294015955E-002   6.1394559516603502E-004
   8.4900000000000002        1.0413975135208302E-002   6.1330831184972325E-004
   8.5000000000000000        1.0414262985325476E-002   6.1260370501914569E-004
   8.5099999999999998        1.0414051872482923E-002   6.1187143786621176E-004
   8.5199999999999996        1.0413832949918678E-002   6.1114043133325582E-004
   8.5299999999999994        1.0413049193402918E-002   6.1037803009395767E-004
   8.5400000000000009        1.0412318561617029E-002   6.0962052468483774E-004
   8.5500000000000007        1.0412422462977473E-002   6.0891359432616802E-004
   8.5600000000000005        1.0411647904738863E-002   6.0815700378147558E-004
   8.5700000000000003        1.0411037249570378E-002   6.0741174151519124E-004
   8.5800000000000001        1.0409988141909634E-002   6.0664266561244950E-004
   8.5899999999999999        1.0411282669627410E-002   6.0601179683512278E-004
   8.5999999999999996        1.0412565534755346E-002   6.0538171713693880E-004
   8.6099999999999994        1.0413952543796196E-002   6.0475914888479660E-004
   8.6200000000000010        1.0414115149236720E-002   6.0406700401605096E-004
   8.6300000000000008        1.0413497609607900E-002   6.0333126359257813E-004
   8.6400000000000006        1.0410625639010644E-002   6.0246676151681962E-004
   8.6500000000000004        1.0406435376935688E-002   6.0152805647027100E-004
   8.6600000000000001        1.0399941973994586E-002   6.0045854353317463E-004
   8.6699999999999999        1.0395472740511065E-002   5.9950823186338321E-004
   8.6799999999999997        1.0390223352247907E-002   5.9851517006036335E-004
   8.6899999999999995        1.0385728719328245E-002   5.9756782044466318E-004
   8.7000000000000011        1.0384724535048235E-002   5.9682324914070309E-004
   8.7100000000000009        1.0385177941150863E-002   5.9616406091566373E-004
   8.7200000000000006        1.0386812644644855E-002   5.9557411953238841E-004
   8.7300000000000004        1.0388935942337849E-002   5.9501351330686417E-004
   8.7400000000000002        1.0392403821553967E-002   5.9453111107288139E-004
   8.7500000000000000        1.0397358109606573E-002   5.9413474912037561E-004
   8.7599999999999998        1.0402215898929267E-002   5.9373378418546043E-004
   8.7699999999999996        1.0407967978646189E-002   5.9338471942110545E-004
   8.7799999999999994        1.0415372083346376E-002   5.9313052866437224E-004
   8.7900000000000009        1.0420450924231550E-002   5.9274464870486627E-004
   8.8000000000000007        1.0426538463640073E-002   5.9241695816136775E-004
   8.8100000000000005        1.0432723746194406E-002   5.9209555880785508E-004
   8.8200000000000003        1.0438338273207063E-002   5.9174253249473150E-004
   8.8300000000000001        1.0441974529087631E-002   5.9127828590530191E-004
   8.8399999999999999        1.0443677222256319E-002   5.9070572524074210E-004
   8.8499999999999996        1.0444148809585435E-002   5.9006490449635234E-004
   8.8599999999999994        1.0440916664056259E-002   5.8921651603026294E-004
   8.8700000000000010        1.0436109400973944E-002   5.8828125146414558E-004
   8.8800000000000008        1.0432023598942766E-002   5.8738871615668722E-004
   8.8900000000000006        1.0426681229899964E-002   5.8642751574240510E-004
   8.9000000000000004        1.0418254138046200E-002   5.8529517629473033E-004
   8.9100000000000001        1.0408851970663551E-002   5.8411066053106354E-004
   8.9199999999999999        1.0400666267332928E-002   5.8299698807919996E-004
   8.9299999999999997        1.0394838656389325E-002   5.8201784190309769E-004
   8.9399999999999995        1.0390120859651204E-002   5.8110295635633137E-004
   8.9500000000000011        1.0386638189319711E-002   5.8025911672177153E-004
   8.9600000000000009        1.0384173115151800E-002   5.7947394615802449E-004
   8.9700000000000006        1.0384015111595353E-002   5.7881912550698724E-004
   8.9800000000000004        1.0384027114667469E-002   5.7817522910175211E-004
   8.9900000000000002        1.0384026113862565E-002   5.7753204192784006E-004
   9.0000000000000000        1.0384224107260110E-002   5.7690133929222832E-004
   9.0099999999999998        1.0384541009664655E-002   5.7627863538649586E-004
   9.0199999999999996        1.0384678424930620E-002   5.7564736280103215E-004
   9.0299999999999994        1.0383829306525207E-002   5.7496286304126285E-004
   9.0400000000000009        1.0382289379537533E-002   5.7424166922220865E-004
   9.0500000000000007        1.0382345196935356E-002   5.7361023187488150E-004
   9.0600000000000005        1.0381996490735793E-002   5.7295786372714083E-004
   9.0700000000000003        1.0382479346895485E-002   5.7235277546281607E-004
   9.0800000000000001        1.0381739081687427E-002   5.7168166749380100E-004
   9.0899999999999999        1.0383819873247083E-002   5.7116720974956453E-004
   9.0999999999999996        1.0385757553587579E-002   5.7064601942788894E-004
   9.1099999999999994        1.0385703651475462E-002   5.7001666583290130E-004
   9.1200000000000010        1.0385747271886620E-002   5.6939403902887169E-004
   9.1300000000000008        1.0386532109675297E-002   5.6881336854738753E-004
   9.1400000000000006        1.0382869833183955E-002   5.6799069109321411E-004
   9.1500000000000004        1.0378393267435828E-002   5.6712531516042773E-004
   9.1600000000000001        1.0373300775105718E-002   5.6622820824812870E-004
   9.1699999999999999        1.0368592845313536E-002   5.6535402646202485E-004
   9.1799999999999997        1.0362692732943667E-002   5.6441681551980759E-004
   9.1899999999999995        1.0356309011925177E-002   5.6345533253129366E-004
   9.2000000000000011        1.0352833965775712E-002   5.6265401987911474E-004
   9.2100000000000009        1.0350135434479029E-002   5.6189660339191249E-004
   9.2200000000000006        1.0349432975698713E-002   5.6124907677324910E-004
   9.2300000000000004        1.0349242409452772E-002   5.6063068306894755E-004
   9.2400000000000002        1.0351638251891292E-002   5.6015358505905261E-004
   9.2500000000000000        1.0354248790189809E-002   5.5968912379404374E-004
   9.2599999999999998        1.0356919248318379E-002   5.5922890109710475E-004
   9.2699999999999996        1.0361462259100547E-002   5.5887067201189572E-004
   9.2799999999999994        1.0367401068480164E-002   5.5858841963793990E-004
   9.2900000000000009        1.0372669088083826E-002   5.5827067212507134E-004
   9.3000000000000007        1.0378351735968011E-002   5.5797589978322638E-004
   9.3100000000000005        1.0384347310016178E-002   5.5769856659592786E-004
   9.3200000000000003        1.0389883725837268E-002   5.5739719559212805E-004
   9.3300000000000001        1.0392679259829370E-002   5.5694958519985900E-004
   9.3399999999999999        1.0394402085370824E-002   5.5644550778216400E-004
   9.3499999999999996        1.0395997855786274E-002   5.5593571421316975E-004
   9.3599999999999994        1.0396766672078913E-002   5.5538283504695052E-004
   9.3700000000000010        1.0396137182886228E-002   5.5475651989787768E-004
   9.3800000000000008        1.0395831589494035E-002   5.5414880541012972E-004
   9.3900000000000006        1.0396294105633861E-002   5.5358328571000325E-004
   9.4000000000000004        1.0393961991369837E-002   5.5287031868988493E-004
   9.4100000000000001        1.0390270528106106E-002   5.5208663805027128E-004
   9.4199999999999999        1.0387874922128018E-002   5.5137340350997974E-004
   9.4299999999999997        1.0386789469907721E-002   5.5073114898768400E-004
   9.4399999999999995        1.0388180999555047E-002   5.5022145124761907E-004
   9.4500000000000011        1.0391531201720979E-002   5.4981646569952263E-004
   9.4600000000000009        1.0394888343294354E-002   5.4941270313395101E-004
   9.4700000000000006        1.0398731290828673E-002   5.4903544302157723E-004
   9.4800000000000004        1.0401745743458297E-002   5.4861528182796918E-004
   9.4900000000000002        1.0403795513167932E-002   5.4814517982971188E-004
   9.5000000000000000        1.0406784590312721E-002   5.4772550475330110E-004
   9.5099999999999998        1.0407835536681852E-002   5.4720481265414583E-004
   9.5199999999999996        1.0408989454962188E-002   5.4669062263456875E-004
   9.5299999999999994        1.0409845082726797E-002   5.4616186163309536E-004
   9.5400000000000009        1.0409843841101968E-002   5.4558929984811148E-004
   9.5500000000000007        1.0411812966011447E-002   5.4512109769693439E-004
   9.5600000000000005        1.0413653060642207E-002   5.4464712660262584E-004
   9.5700000000000003        1.0414386979355752E-002   5.4411635210845099E-004
   9.5800000000000001        1.0414416021648418E-002   5.4354989674574206E-004
   9.5899999999999999        1.0417216249731170E-002   5.4312910582539993E-004
   9.5999999999999996        1.0420277242075889E-002   5.4272277302478593E-004
   9.6099999999999994        1.0422019599682609E-002   5.4224867844342400E-004
   9.6200000000000010        1.0422324131516465E-002   5.4170083843640667E-004
   9.6300000000000008        1.0423990458177081E-002   5.4122484206526895E-004
   9.6400000000000006        1.0421588824208449E-002   5.4053883942989877E-004
   9.6500000000000004        1.0417901057245263E-002   5.3978761954638665E-004
   9.6600000000000001        1.0413890856696514E-002   5.3902126587456075E-004
   9.6699999999999999        1.0410026540848419E-002   5.3826404037478901E-004
   9.6799999999999997        1.0404427743192283E-002   5.3741878838803119E-004
   9.6899999999999995        1.0398605691175877E-002   5.3656376115458608E-004
   9.7000000000000011        1.0396447988019024E-002   5.3589938082572279E-004
   9.7100000000000009        1.0395075210637801E-002   5.3527678736548922E-004
   9.7200000000000006        1.0396268765043556E-002   5.3478748791376310E-004
   9.7300000000000004        1.0396704194891592E-002   5.3426023611981462E-004
   9.7400000000000002        1.0399174689828254E-002   5.3383853643882209E-004
   9.7500000000000000        1.0402030773879255E-002   5.3343747558355159E-004
   9.7599999999999998        1.0406175684897807E-002   5.3310326254599422E-004
   9.7699999999999996        1.0412627366117188E-002   5.3288778741643751E-004
   9.7799999999999994        1.0419292269322381E-002   5.3268365385083746E-004
   9.7900000000000009        1.0427735889384558E-002   5.3257078086744417E-004
   9.8000000000000007        1.0438671208946542E-002   5.3258526576257864E-004
   9.8100000000000005        1.0447946138679082E-002   5.3251509371453017E-004
   9.8200000000000003        1.0455463286148995E-002   5.3235556446787141E-004
   9.8300000000000001        1.0461372438037174E-002   5.3211456958480031E-004
   9.8399999999999999        1.0466689401339392E-002   5.3184397364529432E-004
   9.8499999999999996        1.0471283679837436E-002   5.3153724263134200E-004
   9.8599999999999994        1.0473365094171990E-002   5.3110370660101370E-004
   9.8700000000000010        1.0474486123066543E-002   5.3062239731846721E-004
   9.8800000000000008        1.0475846974200969E-002   5.3015419909923929E-004
   9.8900000000000006        1.0477915410833932E-002   5.2972272046683175E-004
   9.9000000000000004        1.0477661070102850E-002   5.2917480152034596E-004
   9.9100000000000001        1.0476282369892597E-002   5.2857125983312803E-004
   9.9199999999999999        1.0477877043060566E-002   5.2811880257361721E-004
   9.9299999999999997        1.0481664002888797E-002   5.2777764364998975E-004
   9.9399999999999995        1.0487650658090888E-002   5.2754781982348531E-004
   9.9500000000000011        1.0493255685422699E-002   5.2729928067450746E-004
   9.9600000000000009        1.0499713106484414E-002   5.2709403145002073E-004
   9.9700000000000006        1.0507435055555195E-002   5.2695261060958852E-004
   9.9800000000000004        1.0513918469446758E-002   5.2674942231697183E-004
