   0.0000000000000000        0.0000000000000000       0.0d0
   1.0000000000000000E-002  0.21070763846571455        10.535381923285728     
   2.0000000000000000E-002  0.96580468330674507        24.145117082668627     
   2.9999999999999999E-002   2.4624357349581736        41.040595582636229     
   4.0000000000000001E-002   4.9115333957434704        61.394167446793375     
   5.0000000000000003E-002   8.5320764504326263        85.320764504326263     
   5.9999999999999998E-002   13.546793642400136        112.88994702000113     
   7.0000000000000007E-002   20.177467369399782        144.12476692428413     
   8.0000000000000002E-002   28.640074658888263        179.00046661805163     
   8.9999999999999997E-002   39.139962828479938        217.44423793599967     
  0.10000000000000001        51.867220727351850        259.33610363675922     
  0.11000000000000000        66.992410158863606        304.51095526756183     
  0.12000000000000000        84.663149488097403        352.76312286707252     
  0.13000000000000000        104.99843890746477        403.84014964409528     
  0.14000000000000001        128.08605043329283        457.45018011890289     
  0.14999999999999999        153.98001601702566        513.26672005675221     
  0.16000000000000000        182.69796544644765        570.93114202014885     
  0.17000000000000001        214.21950728143705        630.05737435716776     
  0.17999999999999999        248.48495455484743        690.23598487457627     
  0.19000000000000000        285.39679064050853        751.04418589607508     
  0.20000000000000001        324.91559123582732        812.28897808956822     
  0.20999999999999999        367.38859741014653        874.73475573844416     
  0.22000000000000000        412.66784852702364        937.88147392505368     
  0.23000000000000001        460.46946561677089        1001.0205774277628     
  0.23999999999999999        510.46608232404867        1063.4710048417680     
  0.25000000000000000        562.29079539922998        1124.5815907984600     
  0.26000000000000001        615.54232335332711        1183.7352372179366     
  0.27000000000000002        669.79109127458207        1240.3538727307075     
  0.28000000000000003        724.58048291791818        1293.8937194962823     
  0.28999999999999998        779.43466190331299        1343.8528653505398     
  0.29999999999999999        833.86462796592787        1389.7743799432133     
  0.31000000000000000        887.37512342617151        1431.2501990744702     
  0.32000000000000001        939.47079993118825        1467.9231248924816     
  0.33000000000000002        989.66279386037058        1499.4890816066220     
  0.34000000000000002        1037.4750383303267        1525.6985857798920     
  0.35000000000000003        1082.4506362623822        1546.3580518034030     
  0.35999999999999999        1124.1583935507454        1561.3311021538132     
  0.37000000000000000        1162.1969922127973        1570.5364759632396     
  0.38000000000000000        1196.2007856602149        1573.9484021844933     
  0.39000000000000001        1225.8447826827503        1571.5958752342951     
  0.40000000000000002        1250.8484923235669        1563.5606154044585     
  0.41000000000000003        1270.9794916013768        1549.9749897577765     
  0.41999999999999998        1286.0562571082189        1531.0193537002606     
  0.42999999999999999        1295.9503932491198        1506.9190619175811     
  0.44000000000000000        1300.5877889658409        1477.9406692793646     
  0.45000000000000001        1299.9490648065337        1444.3878497850374     
  0.46000000000000002        1294.0695629596191        1406.5973510430642     
  0.47000000000000003        1283.0384433541210        1364.9345142065117     
  0.47999999999999998        1266.9970136697925        1319.7885559060339     
  0.48999999999999999        1246.1364469562664        1271.5678030165984     
  0.50000000000000000        1220.6947999961392        1220.6947999961392     
  0.51000000000000001        1190.9654203236466        1167.6131571800456     
  0.52000000000000002        1157.2444197049224        1112.7350189470408     
  0.53000000000000003        1119.8993671767757        1056.5088369592224     
  0.54000000000000004        1079.3156495447272        999.36634217104358     
  0.55000000000000004        1035.9023071446538        941.72937013150340     
  0.56000000000000005        990.08687474152532        884.00613816207613     
  0.57000000000000006        942.30982941714956        826.58756966416615     
  0.57999999999999996        893.01879797578079        769.84379135843176     
  0.58999999999999997        842.66275735887473        714.12098081260569     
  0.59999999999999998        791.68634156558528        659.73861797132110     
  0.60999999999999999        740.52460612805271        606.98738207217434     
  0.62000000000000000        689.59846821417204        556.12779694691289     
  0.63000000000000000        639.30792961340728        507.38724572492640     
  0.64000000000000001        590.02835043953667        460.95964878088802     
  0.65000000000000002        542.10671783766338        417.00516756743338     
  0.66000000000000003        495.85784803410974        375.64988487432555     
  0.67000000000000004        451.56155710899134        336.98623664850101     
  0.68000000000000005        409.46020168559136        301.07367770999360     
  0.69000000000000006        369.75893945906483        267.94126047758317     
  0.70000000000000007        332.72016748935937        237.65726249239952     
  0.70999999999999996        298.99016121221848        210.55645155790035     
  0.71999999999999997        268.71697469561713        186.60901020528968     
  0.72999999999999998        241.90961971906836        165.69152035552628     
  0.73999999999999999        218.52881999004961        147.65460810138487     
  0.75000000000000000        198.48959313424908        132.32639542283272     
  0.76000000000000001        181.66524890768065        119.51661112347411     
  0.77000000000000002        167.89233456617092        109.02099647153955     
  0.78000000000000003        156.97094833229042        100.62240277710924     
  0.79000000000000004        148.67167585223353        94.095997374831342     
  0.80000000000000004        142.74060766009316        89.212879787558222     
  0.81000000000000005        138.90548473439569        85.744126379256585     
  0.82000000000000006        136.88105649918450        83.464058840966146     
  0.83000000000000007        136.37479085223907        82.153488465204248     
  0.83999999999999997        137.09252348962346        81.602692553347296     
  0.84999999999999998        138.74420393013571        81.614237605962188     
  0.85999999999999999        141.04980986660976        82.005703410819635     
  0.87000000000000000        143.74301485436010        82.610928077218446     
  0.88000000000000000        146.57658109607854        83.282148350044622     
  0.89000000000000001        149.32695656664148        83.891548632944648     
  0.90000000000000002        151.79778983683019        84.332105464905666     
  0.91000000000000003        153.82325041405247        84.518269458270581     
  0.92000000000000004        155.27081091867694        84.386310281889635     
  0.93000000000000005        156.04311863357898        83.894149802999451     
  0.94000000000000006        156.07911825319073        83.020807581484419     
  0.95000000000000007        155.35479649118889        81.765682363783625     
  0.95999999999999996        153.88316528072684        80.147481917045241     
  0.96999999999999997        151.71351239830969        78.202841442427683     
  0.97999999999999998        148.92998502992737        75.984686239758858     
  0.98999999999999999        145.64961735149430        73.560412803784999     
   1.0000000000000000        142.01970843885155        71.009854219425776     
   1.0100000000000000        138.21606900428134        68.423796536772940     
   1.0200000000000000        134.43380829906323        65.898925636795695     
   1.0300000000000000        130.89193988332644        63.539776642391473     
   1.0400000000000000        127.82368632757061        61.453695349793563     
   1.0500000000000000        125.47209184466368        59.748615164125560     
   1.0600000000000001        124.08561806293875        58.530951916480539     
   1.0700000000000001        123.91332062812661        57.903420854264766     
   1.0800000000000001        125.19990237637798        57.962917766841656     
   1.0900000000000001        128.18076854357878        58.798517680540719     
   1.1000000000000001        133.07726435453696        60.489665615698613     
   1.1100000000000001        140.09225979015775        63.104621527098082     
   1.1200000000000001        149.40661448890441        66.699381468260896     
   1.1300000000000001        161.17338175226405        71.315655642594706     
   1.1400000000000001        175.51503931336850        76.980280400600208     
   1.1500000000000001        192.52084836776794        83.704716681638232     
   1.1599999999999999        212.24404547222835        91.484502358719126     
   1.1699999999999999        234.70009083832912        100.29918411894407     
   1.1799999999999999        259.86524788080339        110.11239316983195     
   1.1899999999999999        287.67787852870055        120.87305820533636     
   1.2000000000000000        318.13423881557787        132.55593283982412     
   1.2100000000000000        351.61690140611779        145.29624025046189     
   1.2200000000000000        388.01284093446714        159.02165612068325     
   1.2300000000000000        427.07259138580952        173.60674446577622     
   1.2400000000000000        468.50242503499607        188.91226815927260     
   1.2500000000000000        511.96821800084803        204.78728720033922     
   1.2600000000000000        557.10045880035932        221.07161063506322     
   1.2700000000000000        603.50025256918741        237.59852463353835     
   1.2800000000000000        650.74044572683135        254.19548661204348     
   1.2900000000000000        698.37331607400574        270.68733181163014     
   1.3000000000000000        745.93666431825807        286.89871704548386     
   1.3100000000000001        792.96041017728851        302.65664510583531     
   1.3200000000000001        838.97266556080376        317.79267634878931     
   1.3300000000000001        883.50642069696926        332.14527093871021     
   1.3400000000000001        926.10568730757700        345.56182362223018     
   1.3500000000000001        966.33179745904010        357.90066572557038     
   1.3600000000000001        1003.7698661210936        369.03303901510793     
   1.3700000000000001        1038.0329261569984        378.84413363394100     
   1.3800000000000001        1068.7676910648522        387.23467067567105     
   1.3900000000000001        1095.6594645980108        394.12210956762976     
   1.4000000000000001        1118.4359562742131        399.44141295507609     
   1.4099999999999999        1136.8708519267257        403.14569217259776     
   1.4199999999999999        1150.7866784146001        405.20657690654934     
   1.4299999999999999        1160.0569126026724        405.61430510582949     
   1.4399999999999999        1164.6071351660348        404.37747748820652     
   1.4500000000000000        1164.4156163295017        401.52262632051787     
   1.4600000000000000        1159.5132737188658        397.09358689002255     
   1.4700000000000000        1149.9827706583972        391.15060226476095     
   1.4800000000000000        1135.9568995025097        383.76922280490191     
   1.4900000000000000        1117.6163402669970        375.03904035805266     
   1.5000000000000000        1095.1867186099146        365.06223953663817     
   1.5100000000000000        1068.9458508141533        353.95557973978589     
   1.5200000000000000        1039.1762548772813        341.83429436752675     
   1.5300000000000000        1006.2264130026049        328.83216111196236     
   1.5400000000000000        970.46223613195468        315.08514160128396     
   1.5500000000000000        932.27170566693053        300.73280827965499     
   1.5600000000000001        892.05982095623779        285.91660928084542     
   1.5700000000000001        850.24315653923804        270.77807533096751     
   1.5800000000000001        807.24414657117575        255.45700840859990     
   1.5900000000000001        763.48539939858949        240.08974823855013     
   1.6000000000000001        719.38410510329174        224.80753284477865     
   1.6100000000000001        675.34692212787377        209.73506898381171     
   1.6200000000000001        631.76557637023188        194.98937542291105     
   1.6300000000000001        589.01012589445497        180.67795272836040     
   1.6400000000000001        547.42536294528281        166.89797650770817     
   1.6500000000000001        507.32725719515855        153.73553248338138     
   1.6600000000000001        468.99925974080867        141.26483727132791     
   1.6699999999999999        432.68959599582740        129.54778323228365     
   1.6799999999999999        398.60893210507851        118.63361074555908     
   1.6899999999999999        366.93076963464830        108.55939930019181     
   1.7000000000000000        337.88606083688688        99.378253187319672     
   1.7100000000000000        312.08995214189656        91.254371971314782     
   1.7200000000000000        289.65962305306897        84.203378794496800     
   1.7300000000000000        270.57365709647854        78.200478929618072     
   1.7400000000000000        254.76303580912219        73.207768910667298     
   1.7500000000000000        242.11378469409632        69.175367055456093     
   1.7600000000000000        232.47109426256100        66.042924506409378     
   1.7700000000000000        225.64436146013566        63.741345045236059     
   1.7800000000000000        221.40759032396167        62.193143349427437     
   1.7900000000000000        219.50642197530414        61.314643009861491     
   1.8000000000000000        219.66332034158808        61.017588983774466     
   1.8100000000000001        221.58367903010836        61.210961058040979     
   1.8200000000000001        224.96123509873658        61.802537115037516     
   1.8300000000000001        229.48400089110430        62.700546691558550     
   1.8400000000000001        234.83992998336979        63.815198365046136     
   1.8500000000000001        240.72271877853709        65.060194264469473     
   1.8600000000000001        246.83777282214839        66.354240005953869     
   1.8700000000000001        252.90592380379704        67.621904760373539     
   1.8800000000000001        258.66886891606504        68.794911945761967     
   1.8900000000000001        263.89377500820325        69.813167991588159     
   1.9000000000000001        268.37683361725811        70.625482530857397     
   1.9100000000000001        271.94662972109069        71.190217204473996     
   1.9199999999999999        274.46684825453309        71.475741732951334     
   1.9299999999999999        275.83828938856152        71.460696732787966     
   1.9399999999999999        276.00000860567627        71.134022836514504     
   1.9500000000000000        274.92987620899316        70.494840053587993     
   1.9600000000000000        272.64460650607577        69.552195537264225     
   1.9700000000000000        269.19902899872557        68.324626649422740     
   1.9800000000000000        264.68463038010390        66.839553126288862     
   1.9900000000000000        259.22752440412472        65.132543820131843     
   2.0000000000000000        252.98579977156132        63.246449942890330     
   2.0100000000000002        246.14880840012702        61.231046865703235     
   2.0200000000000000        238.92347910284747        59.139475025457294     
   2.0300000000000002        231.54551721229925        57.030915569531828     
   2.0400000000000000        224.26519484989296        54.966959522032589     
   2.0499999999999998        217.34400083682453        53.010731911420621     
   2.0600000000000001        211.05013808339987        51.225761670728126     
   2.0699999999999998        205.65363191192480        49.674790316890054     
   2.0800000000000001        201.42130541943141        48.418583033517166     
   2.0899999999999999        198.61171890216028        47.514765287598152     
   2.1000000000000001        197.47032909803357        47.016745023341322     
   2.1099999999999999        198.22497564524230        46.972743043896280     
   2.1200000000000001        201.08220233862110        47.425047721372898     
   2.1299999999999999        206.22141661304516        48.408783242498870     
   2.1400000000000001        213.79200803433653        49.951403746340311     
   2.1499999999999999        223.91055780478013        52.072222745297708     
   2.1600000000000001        236.65793763439675        54.781930007962202     
   2.1699999999999999        252.07744885367882        58.082361487022773     
   2.1800000000000002        270.17329888461370        61.966352955186622     
   2.1899999999999999        290.91177511598073        66.418213496799254     
   2.2000000000000002        314.31687536349671        71.435653491703789     
   2.2100000000000000        340.79863843161422        77.103764351043949     
   2.2200000000000002        370.27129932585552        83.394436785102585     
   2.2300000000000000        402.51229429064216        90.249393338708998     
   2.2400000000000002        437.25417784941175        97.601378984243681     
   2.2500000000000000        474.18844405129033        105.37520978917563     
   2.2600000000000002        512.97044672900643        113.48903688694831     
   2.2700000000000000        553.22529236591993        121.85579127002642     
   2.2800000000000002        594.54891240684810        130.38353342255439     
   2.2900000000000000        636.51568688288671        138.97722421023727     
   2.3000000000000003        678.68434587903039        147.54007519109354     
   2.3100000000000001        720.60462996516242        155.97502813098754     
   2.3199999999999998        761.82330596468785        164.18605731997584     
   2.3300000000000001        801.89063586964141        172.07953559434364     
   2.3399999999999999        840.36652477658265        179.56549674713307     
   2.3500000000000001        876.82676849114171        186.55888691300888     
   2.3599999999999999        910.86947587744305        192.98082116047524     
   2.3700000000000001        942.11914453386305        198.75931319279809     
   2.3799999999999999        970.23239574694242        203.83033524095430     
   2.3900000000000001        994.90286920766994        208.13867556645815     
   2.3999999999999999        1015.8649960608664        211.63854084601383     
   2.4100000000000001        1032.8975439983983        214.29409626522786     
   2.4199999999999999        1045.8265561266196        216.07986696830983     
   2.4300000000000002        1054.5273028188999        216.98092650594646     
   2.4399999999999999        1058.9254300430766        216.99291599243375     
   2.4500000000000002        1058.9977054149158        216.12198069692158     
   2.4600000000000000        1054.7719293323726        214.38453848218955     
   2.4700000000000002        1046.3260428114652        211.80689125738161     
   2.4800000000000000        1033.7865398791387        208.42470562079410     
   2.4900000000000002        1017.3262518276998        204.28237988508027     
   2.5000000000000000        997.16143297213603        199.43228659442721     
   2.5100000000000002        973.55811270851609        193.93587902560080     
   2.5200000000000000        946.78853288358903        187.85486763563273     
   2.5300000000000002        917.18659477456310        181.26217288034843     
   2.5400000000000000        885.10331351120863        174.23293573055287     
   2.5500000000000003        850.91055822312421        166.84520749473023     
   2.5600000000000001        814.99604916441479        159.17891585242475     
   2.5699999999999998        777.75796319599954        151.31477883190652     
   2.5800000000000001        739.59934302852594        143.33320601328020     
   2.5899999999999999        700.92248566914236        135.31322117164910     
   2.6000000000000001        662.12341967852899        127.33142686125557     
   2.6099999999999999        623.58688032141890        119.46108818417987     
   2.6200000000000001        585.68199826438604        111.77137371457748     
   2.6299999999999999        548.75565830354776        104.32617078014216     
   2.6400000000000001        513.12899240905256        97.183521289593287     
   2.6499999999999999        479.09392048658617        90.395079337091730     
   2.6600000000000001        446.90955736580020        84.005555895827101     
   2.6699999999999999        416.79961066226406        78.052361547240466     
   2.6800000000000002        388.95011655983075        72.565320253699767     
   2.6899999999999999        363.50994463248503        67.566904206781601     
   2.7000000000000002        340.68562371371036        63.089930317353769     
   2.7100000000000000        321.06810158852920        59.237657119654834     
   2.7200000000000002        304.75045250918760        56.020303770071244     
   2.7300000000000000        291.68746465384027        53.422612573963420     
   2.7400000000000002        281.78687558526707        51.420962698041428     
   2.7500000000000000        274.91211887859566        49.984021614290121     
   2.7600000000000002        270.88638225710213        49.073619974112702     
   2.7700000000000000        269.49773756691695        48.645801004858654     
   2.7800000000000002        270.49973057098310        48.651030678234363     
   2.7900000000000000        273.61841483553235        49.035558214253108     
   2.8000000000000003        278.55762826646475        49.742433619011557     
   2.8100000000000001        285.00515614083469        50.712661235023965     
   2.8199999999999998        292.63821822958761        51.886208905955250     
   2.8300000000000001        301.12947128092094        53.203086798749283     
   2.8399999999999999        310.15271605795948        54.604351418654844     
   2.8500000000000001        319.38874811250975        56.033113703949077     
   2.8599999999999999        328.53137077729099        57.435554331694235     
   2.8700000000000001        337.29116858414511        58.761527627899845     
   2.8799999999999999        345.40094896157223        59.965442528050737     
   2.8900000000000001        352.62037535718713        61.006985355914729     
   2.8999999999999999        358.73956404223327        61.851648972798841     
   2.9100000000000001        363.58246355442805        62.471213669145712     
   2.9199999999999999        367.00948778886300        62.844090374805312     
   2.9300000000000002        368.91971025518490        62.955581954809709     
   2.9399999999999999        369.25197970608161        62.797955732326805     
   2.9500000000000002        367.98534159725432        62.370396880890560     
   2.9600000000000000        365.13914486396283        61.678909605399127     
   2.9700000000000002        360.77224545002230        60.736068257579504     
   2.9800000000000000        354.98155216944377        59.560663115678487     
   2.9900000000000002        347.89997778233112        58.177253809754362     
   3.0000000000000000        339.69374000352229        56.615623333920382     
   3.0100000000000002        330.56246094262667        54.910707797778514     
   3.0200000000000000        320.72201216825522        53.099670888783976     
   3.0300000000000002        310.42085806050517        51.224564036386987     
   3.0400000000000000        299.92230106073077        49.329325832357036     
   3.0500000000000003        289.50194071132955        47.459334542840907     
   3.0600000000000001        279.44314184435103        45.660644092214220     
   3.0700000000000003        270.03207483099516        43.979165281921034     
   3.0800000000000001        261.55258396057877        42.459835058535511     
   3.0899999999999999        254.28109446940041        41.145808166569651     
   3.1000000000000001        248.48163428242248        40.077682948777820     
   3.1099999999999999        244.40130259245640        39.292813921616784     
   3.1200000000000001        242.26655903247121        38.824769075716539     
   3.1299999999999999        242.27720806342964        38.702429403103778     
   3.1400000000000001        244.60347067514462        38.949597241265067     
   3.1499999999999999        249.38311275880184        39.584621072825691     
   3.1600000000000001        256.71845046110889        40.620007984352668     
   3.1699999999999999        266.67440953442116        42.062209705744664     
   3.1800000000000002        279.27690916917697        43.911463705845435     
   3.1899999999999999        294.51394207129584        46.162059885783052     
   3.2000000000000002        312.43107345980405        48.817355228094378     
   3.2100000000000000        333.45970264813838        51.940763652358001     
   3.2200000000000002        357.53532573290704        55.517907722501093     
   3.2300000000000000        384.45640813135788        59.513375871727227     
   3.2400000000000002        413.97604804198363        63.885192599071544     
   3.2500000000000000        445.80579069250899        68.585506260385998     
   3.2600000000000002        479.62045197341331        73.561419014327186     
   3.2700000000000000        515.06392463476016        78.755951779015319     
   3.2800000000000002        551.75024122166167        84.108268478911839     
   3.2900000000000000        589.27111550992720        89.554880776584682     
   3.3000000000000003        627.20176784765647        95.030570886008547     
   3.3100000000000001        665.10755143131917        100.46941864521438     
   3.3200000000000003        702.54988345130255        105.80570533905158     
   3.3300000000000001        739.09264758526035        110.97487200979884     
   3.3399999999999999        774.30832291642582        115.91441959826734     
   3.3500000000000001        807.78418126345696        120.56480317365029     
   3.3599999999999999        839.12866151889591        124.87033653555000     
   3.3700000000000001        867.97541248722655        128.77973479038968     
   3.3799999999999999        893.98900744497143        132.24689459245141     
   3.3900000000000001        916.86980753708849        135.23153503496880     
   3.3999999999999999        936.35771519203627        137.69966399882887     
   3.4100000000000001        952.23570979392059        139.62400436861006     
   3.4199999999999999        964.33285725683265        140.98433585626208     
   3.4300000000000002        972.52607733733714        141.76764975762930     
   3.4399999999999999        976.74131601556678        141.96821453714634     
   3.4500000000000002        976.95443270568421        141.58759894285276     
   3.4600000000000000        973.19101288013337        140.63453943354529     
   3.4700000000000002        965.52557001342450        139.12472190395164     
   3.4800000000000000        954.07995793296971        137.08045372600139     
   3.4900000000000002        939.02114147109785        134.53024949442661     
   3.5000000000000000        920.55833149009595        131.50833307001372     
   3.5100000000000002        898.94861970450665        128.05535893226590     
   3.5200000000000000        874.45648519405370        124.21256891960989     
   3.5300000000000002        847.40468946662941        120.02899284229878     
   3.5400000000000000        818.13287517015533        115.55549084324228     
   3.5500000000000003        787.00057033912344        110.84515075198921     
   3.5600000000000001        754.38222992172291        105.95256038226445     
   3.5700000000000003        720.66191004854329        100.93304062304527     
   3.5800000000000001        686.22772633134866        95.841861219462103     
   3.5899999999999999        651.46630827139347        90.733469118578483     
   3.6000000000000001        616.75737585236072        85.660746646161215     
   3.6099999999999999        582.46873617472829        80.674340190405587     
   3.6200000000000001        548.95203295651640        75.822103999518845     
   3.6299999999999999        516.53621979207423        71.148239640781583     
   3.6400000000000001        485.52410122654942        66.692871047602935     
   3.6499999999999999        456.18895010966753        62.491637001324321     
   3.6600000000000001        428.77099553866714        58.575272614572008     
   3.6699999999999999        403.47489529891755        54.969331784593670     
   3.6800000000000002        380.46754069151012        51.693959333085616     
   3.6899999999999999        359.87865501026806        48.764045394345267     
   3.7000000000000002        341.89577426043496        46.202131656815531     
   3.7100000000000000        327.09104761086638        44.082351430035899     
   3.7200000000000002        315.53876131586219        42.411123832777172     
   3.7300000000000000        307.17510167215175        41.176287087419809     
   3.7400000000000002        301.88963528310018        40.359576909505371     
   3.7500000000000000        299.52805462343173        39.937073949790900     
   3.7600000000000002        299.89631958430272        39.879829731955148     
   3.7700000000000000        302.76587009796231        40.154624681427364     
   3.7800000000000002        307.87421691848107        40.724102766994847     
   3.7900000000000000        314.93203782962473        41.547762246652340     
   3.8000000000000003        323.62853689657783        42.582702223233923     
   3.8100000000000001        333.63763770131516        43.784466889936368     
   3.8200000000000003        344.62354007439592        45.107793203454960     
   3.8300000000000001        356.24677506690335        46.507411888629683     
   3.8399999999999999        368.16994698285691        47.938795180059493     
   3.8500000000000001        380.06362024591743        49.358911720249019     
   3.8599999999999999        391.61237441900221        50.726991505052098     
   3.8700000000000001        402.51860349288864        52.004987531380962     
   3.8799999999999999        412.50799105582837        53.158246270080980     
   3.8900000000000001        421.33415622862299        54.156061211905268     
   3.8999999999999999        428.78226329240363        54.972085037487645     
   3.9100000000000001        434.67242990469612        55.584709706482876     
   3.9199999999999999        438.86226914873595        55.977330248563263     
   3.9300000000000002        441.24927813952138        56.138585005028162     
   3.9399999999999999        441.77195169867673        56.062430418613800     
   3.9500000000000002        440.41002244758039        55.748104107288654     
   3.9600000000000000        437.18465800964327        55.200083082025664     
   3.9700000000000002        432.15763023448426        54.427913127768797     
   3.9800000000000000        425.42984719030909        53.445960702300134     
   3.9900000000000002        417.13929044833947        52.273094041145292     
   4.0000000000000000        407.45828552777567        50.932285690971959     
   4.0099999999999998        396.59423728555794        49.450653028124435     
   4.0200000000000005        384.76977234745283        47.856936859135921     
   4.0300000000000002        372.24311787585992        46.184009662017360     
   4.0400000000000000        359.28752824968336        44.466278248723185     
   4.0499999999999998        346.18940656290386        42.739432909000477     
   4.0600000000000005        333.24374904532641        41.039870572084531     
   4.0700000000000003        320.74911186663968        39.404067796884476     
   4.0800000000000001        309.00244728152404        37.867946970775002     
   4.0899999999999999        298.29393310042673        36.466250990272215     
   4.0999999999999996        288.90195266459591        35.231945446901946     
   4.1100000000000003        281.08851074986563        34.195682572976352     
   4.1200000000000001        275.09543331037912        33.385368120191643     
   4.1299999999999999        271.13830850575113        32.825461078178101     
   4.1399999999999997        269.40349303419094        32.536653748090693     
   4.1500000000000004        270.04517524086089        32.535563282031433     
   4.1600000000000001        273.18231319068587        32.834412643111278     
   4.1699999999999999        278.89662427679906        33.440842239424349     
   4.1799999999999997        287.23091115212617        34.357764491881120     
   4.1900000000000004        298.19007924376172        35.583541675866549     
   4.2000000000000002        311.83646146491111        37.123388269632272     
   4.2100000000000000        328.61799900481856        39.028265915061588     
   4.2199999999999998        348.48674513246164        41.289898712376974     
   4.2300000000000004        371.25762780296816        43.883880354960773     
   4.2400000000000002        396.69981596975708        46.780638675678901     
   4.2500000000000000        424.54052724230456        49.945944381447596     
   4.2599999999999998        454.46980882897799        53.341526857861268     
   4.2700000000000005        486.14626340495948        56.925791967793842     
   4.2800000000000002        519.19810713052073        60.653984477864569     
   4.2900000000000000        553.23067602861943        64.479099770235365     
   4.2999999999999998        587.83214469763323        68.352574964841082     
   4.3100000000000005        622.58013032307588        72.225073123326666     
   4.3200000000000003        657.04759360548951        76.047175185820535     
   4.3300000000000001        690.80919203157885        79.770114553300090     
   4.3399999999999999        723.44735093336192        83.346469001539390     
   4.3500000000000005        754.55843170451635        86.730854218909911     
   4.3600000000000003        783.75908269815750        89.880628749788698     
   4.3700000000000001        810.69026122159687        92.756322794233043     
   4.3799999999999999        835.02291035256735        95.322250040247411     
   4.3899999999999997        856.46280419615414        97.547016423252188     
   4.4000000000000004        874.75429913513256        99.403897628992326     
   4.4100000000000001        889.68384236129702        100.87118394119014     
   4.4199999999999999        901.08307146752031        101.93247414790955     
   4.4299999999999997        908.83039059752684        102.57679352116557     
   4.4400000000000004        912.85212503550724        102.79866272922378     
   4.4500000000000002        913.12363140702951        102.59816083225050     
   4.4600000000000000        909.66902082011859        101.98083193050657     
   4.4699999999999998        902.56033758574404        100.95753216842775     
   4.4800000000000004        891.91600404853921        99.544196880417317     
   4.4900000000000002        877.89861618007149        97.761538550119312     
   4.5000000000000000        860.71209949033630        95.634677721148478     
   4.5099999999999998        840.60678138146477        93.193656472446207     
   4.5200000000000005        817.84127769054430        90.469167886122150     
   4.5300000000000002        792.72982583464534        87.497773270932157     
   4.5400000000000000        765.60338080116060        84.317552951669668     
   4.5499999999999998        736.81204237061172        80.968356304462830     
   4.5600000000000005        706.72010550450329        77.491239638651663     
   4.5700000000000003        675.70078378667608        73.927875687820134     
   4.5800000000000001        644.13070528767764        70.319945992104550     
   4.5899999999999999        612.38444003766449        66.708544666412251     
   4.6000000000000005        580.82911334514358        63.133599276646031     
   4.6100000000000003        549.81944680748131        59.633345640724649     
   4.6200000000000001        519.69357929754028        56.243893863370161     
   4.6299999999999999        490.76658719531497        52.998551532971383     
   4.6399999999999997        463.32709515010782        49.927488701520240     
   4.6500000000000004        437.63392777080799        47.057411588258923     
   4.6600000000000001        413.91265540040240        44.411229120214848     
   4.6699999999999999        392.35313962945219        42.007830795444562     
   4.6799999999999997        373.10739268421764        39.861900927801031     
   4.6900000000000004        356.29024065804299        37.984034185292430     
   4.7000000000000002        342.07433513362400        36.390886716342976     
   4.7100000000000000        331.01728402918212        35.139839068915300     
   4.7199999999999998        323.17886594748279        34.235049358843519     
   4.7300000000000004        318.48067839029869        33.666033656479776     
   4.7400000000000002        316.79807690749323        33.417518661127978     
   4.7500000000000000        317.96289395945797        33.469778311521893     
   4.7599999999999998        321.76759869259342        33.799117509726202     
   4.7700000000000005        327.97060190390982        34.378469801248407     
   4.7800000000000002        336.29683974190738        35.177493696852231     
   4.7900000000000000        346.44489896818055        36.163350622983359     
   4.7999999999999998        358.09248280492795        37.301300292179995     
   4.8100000000000005        370.90263446814231        38.555367408330795     
   4.8200000000000003        384.52930695742191        39.888932256993975     
   4.8300000000000001        398.62344733215014        41.265367218649082     
   4.8399999999999999        412.83879977474732        42.648636340366458     
   4.8500000000000005        426.83778432772738        44.003895291518283     
   4.8600000000000003        440.29763854445781        45.298110961363967     
   4.8700000000000001        452.91425148389720        46.500436497320038     
   4.8799999999999999        464.40760050873860        47.582745953764203     
   4.8899999999999997        474.52643791132436        48.520085676004541     
   4.9000000000000004        483.05191119404219        49.291011346330833     
   4.9100000000000001        489.80098222006188        49.877900429741537     
   4.9199999999999999        494.62888197068861        50.267162801899246     
   4.9299999999999997        497.43170395820101        50.449462876085299     
   4.9400000000000004        498.14754931358408        50.419792440646155     
   4.9500000000000002        496.75651165453621        50.177425419650120     
   4.9600000000000000        493.28096164251895        49.725903391382957     
   4.9699999999999998        487.78475943193985        49.072913423736402     
   4.9800000000000004        480.37175478678290        48.230095862126795     
   4.9900000000000002        471.18370533397814        47.212796125649113     
   5.0000000000000000        460.39752641778472        46.039752641778470     
   5.0099999999999998        448.22652980721028        44.733186607506020     
   5.0200000000000005        434.89843911408917        43.316577601004894     
   5.0300000000000002        420.67891612631399        41.816989674583894     
   5.0400000000000000        405.84882062138843        40.262779823550439     
   5.0499999999999998        390.70281897715029        38.683447423480224     
   5.0600000000000005        375.54481719308956        37.109171659396196     
   5.0700000000000003        360.68289548818740        35.570305274969172     
   5.0800000000000001        346.42408192373512        34.096858457060542     
   5.0899999999999999        333.06915013049547        32.717991171954367     
   5.1000000000000005        320.90755376965387        31.461524879377826     
   5.1100000000000003        310.21279990779249        30.353502926398480     
   5.1200000000000001        301.23860493374667        29.417832513061200     
   5.1299999999999999        294.21277443324180        28.675709009087896     
   5.1399999999999997        289.33414702339178        28.145345041185973     
   5.1500000000000004        286.76963600856607        27.841712233841363     
   5.1600000000000001        286.65111876089281        27.776271197760931     
   5.1699999999999999        289.07334479816132        27.956803171969181     
   5.1799999999999997        294.09222783769849        28.387280679314529     
   5.1900000000000004        301.72579584947391        29.067995746577445     
   5.2000000000000002        312.04953924224731        30.004763388677624     
   5.2100000000000000        325.52433990716958        31.240339722377119     
   5.2199999999999998        342.11502516292114        32.769638425567159     
   5.2300000000000004        361.64933271377788        34.574505995581056     
   5.2400000000000002        383.90899081635229        36.632537291636666     
   5.2500000000000000        408.63346019406174        38.917472399434452     
   5.2599999999999998        435.52470985034716        41.399687248131862     
   5.2700000000000005        464.25286027045962        44.046760936476240     
   5.2800000000000002        494.45725948598079        46.823604117990605     
   5.2900000000000000        525.75394378284454        49.693189393463570     
   5.2999999999999998        557.74126637463996        52.617100601381132     
   5.3100000000000005        590.00647957352771        55.556165684889613     
   5.3200000000000003        622.13161357014224        58.471016312983288     
   5.3300000000000001        653.69982234805059        61.322685023269287     
   5.3399999999999999        684.30140002555083        64.073164796399894     
   5.3500000000000005        713.53984594844803        66.685966911069897     
   5.3600000000000003        741.03833595701337        69.126710443751250     
   5.3700000000000001        766.44372611956089        71.363475430126712     
   5.3799999999999999        789.43205084498277        73.367290970723303     
   5.3899999999999997        809.71343997725921        75.112564005311626     
   5.4000000000000004        827.03586651059163        76.577395047276994     
   5.4100000000000001        841.18863040156350        77.743866026022502     
   5.4199999999999999        852.00556612989806        78.598299458477683     
   5.4299999999999997        859.36638274393147        79.131342794100505     
   5.4400000000000004        863.19780522728945        79.338033568684693     
   5.4500000000000002        863.47495897062493        79.217886144094024     
   5.4600000000000000        860.22096992026445        78.774814095262315     
   5.4699999999999998        853.50611412388344        78.017012259952779     
   5.4800000000000004        843.44630363370754        76.956779528622945     
   5.4900000000000002        830.20089186964162        75.610281591042039     
   5.5000000000000000        813.96983824295171        73.997258022086513     
   5.5099999999999998        794.99833427105011        72.141409643470979     
   5.5200000000000005        773.54058116545957        70.067081627306109     
   5.5300000000000002        749.90435284467264        67.803286875648524     
   5.5400000000000000        724.41396904967712        65.380322116396854     
   5.5499999999999998        697.41230042263214        62.829936975011904     
   5.5600000000000005        669.25585553845224        60.184879095184549     
   5.5700000000000003        640.30951419271014        57.478412405090673     
   5.5800000000000001        610.94108622316958        54.743824930391540     
   5.5899999999999999        581.51585673041359        52.013940673561144     
   5.6000000000000005        552.39124122399653        49.320646537856831     
   5.6100000000000003        523.91187425452972        46.694462946036516     
   5.6200000000000001        496.40545673774324        44.164186542503849     
   5.6299999999999999        470.17633233422401        41.756335020801423     
   5.6399999999999997        445.50214277298539        39.494870813207925     
   5.6500000000000004        422.63053520647804        37.400932319157349     
   5.6600000000000001        401.77573371090261        35.492555981528497     
   5.6699999999999999        383.11610142697583        33.784488661990814     
   5.6799999999999997        366.79207926574128        32.288035146632154     
   5.6900000000000004        352.90694034572329        31.011154687673397     
   5.7000000000000002        341.62172856806978        29.966818295444718     
   5.7100000000000000        333.48255866215362        29.201625101764765     
   5.7199999999999998        328.53796566162958        28.718353641750838     
   5.7300000000000004        326.69832760100934        28.507707469547061     
   5.7400000000000002        327.82788459853703        28.556435940639112     
   5.7500000000000000        331.74762449713347        28.847619521489868     
   5.7599999999999998        338.23945476146957        29.361063781377567     
   5.7700000000000005        347.05159251120250        30.073794844991550     
   5.7800000000000002        357.89911079883257        30.960130691940531     
   5.7900000000000000        370.47109362147785        31.992322419816741     
   5.7999999999999998        384.43620120681612        33.141051828173808     
   5.8100000000000005        399.44891013662345        34.375981939468453     
   5.8200000000000003        415.15510631983290        35.666246247408324     
   5.8300000000000001        431.19818309425369        36.980976251651256     
   5.8399999999999999        447.22487630516605        38.289801053524492     
   5.8500000000000005        462.89113873086302        39.563345190672052     
   5.8600000000000003        477.86837958363753        40.773752524201150     
   5.8700000000000001        491.84730455103812        41.895000387652310     
   5.8799999999999999        504.54331453139463        42.903343072397504     
   5.8899999999999997        515.70124241117810        43.777694601967582     
   5.9000000000000004        525.09897789866511        44.499913381242806     
   5.9100000000000001        532.55089426519203        45.055067196716756     
   5.9199999999999999        537.91018782606238        45.431603701525539     
   5.9299999999999997        541.07172525956889        45.621561994904631     
   5.9400000000000004        541.97319577230871        45.620639374773461     
   5.9500000000000002        540.59482734342635        45.428136751548429     
   5.9600000000000000        536.95979707336210        45.046962841725005     
   5.9699999999999998        531.13345732168875        44.483539139169913     
   5.9800000000000004        523.22181214015222        43.747643155531122     
   5.9900000000000002        513.36942380646315        42.852205659971879     
   6.0000000000000000        501.75665054884126        41.813054212403436     
   6.0099999999999998        488.60128019013661        40.649024974221014     
   6.0200000000000005        474.13487241228870        39.379972791718330     
   6.0300000000000002        458.62874365987858        38.028917384732885     
   6.0400000000000000        442.36955324773203        36.619996129779139     
   6.0499999999999998        425.65830240635046        35.178372099698386     
   6.0600000000000005        408.80573673818219        33.729846265526582     
   6.0700000000000003        392.12725039522439        32.300432487250774     
   6.0800000000000001        375.93761192699634        30.915922033470093     
   6.0899999999999999        360.54576108425778        29.601458217098340     
   6.1000000000000005        346.24968883549576        28.381122035696372     
   6.1100000000000003        333.33175778393382        27.277557920125517     
   6.1200000000000001        322.05486135225391        26.311671679105711     
   6.1299999999999999        312.65624978848615        25.502141092046180     
   6.1400000000000006        305.34444366939829        24.865182709234386     
   6.1500000000000004        300.29623547420215        24.414328087333505     
   6.1600000000000001        297.65350559809855        24.160187142702803     
   6.1699999999999999        297.52111842173582        24.110301330772757     
   6.1799999999999997        299.96517279878384        24.269026925467948     
   6.1900000000000004        305.01390442092634        24.637633636585324     
   6.2000000000000002        312.75304061416921        25.222019404368485     
   6.2100000000000000        323.65361212495480        26.059066998788630     
   6.2199999999999998        337.69035088445349        27.145526598428738     
   6.2300000000000004        354.70087390652861        28.467164840010319     
   6.2400000000000002        374.47674728903939        30.006149622519182     
   6.2500000000000000        396.76700838046759        31.741360670437405     
   6.2599999999999998        421.28295272139957        33.648798140686864     
   6.2700000000000005        447.70370446072917        35.702049797506312     
   6.2800000000000002        475.67732197205362        37.872398246182613     
   6.2900000000000000        504.82825765535040        40.129432246053291     
   6.2999999999999998        534.76287466433348        42.441497989232815     
   6.3100000000000005        565.07600200890329        44.776228368375854     
   6.3200000000000003        595.35682176623152        47.101014380239832     
   6.3300000000000001        625.19518629946515        49.383506026813990     
   6.3399999999999999        654.18759579462733        51.592081687273449     
   6.3500000000000005        681.94334236402062        53.696326170395324     
   6.3600000000000003        708.09078262814410        55.667514357558495     
   6.3700000000000001        732.28132670481364        57.478911044333877     
   6.3799999999999999        754.19510529024706        59.106199474157293     
   6.3900000000000006        773.54576068698645        60.527837299451207     
   6.4000000000000004        790.08418169271158        61.725326694743089     
   6.4100000000000001        803.60200276779415        62.683463554430119     
   6.4199999999999999        813.93492219857865        63.390570264686808     
   6.4299999999999997        820.96379546794401        63.838553302328464     
   6.4400000000000004        824.61578543408314        64.022964707615145     
   6.4500000000000002        824.86595261966545        63.943097102299646     
   6.4600000000000000        821.73675006458859        63.601915639674040     
   6.4699999999999998        815.29720545071382        63.005966418138627     
   6.4800000000000004        805.66138644828879        62.165230435824746     
   6.4900000000000002        792.98623677557566        61.092930414142963     
   6.5000000000000000        777.46875195280779        59.805288611754449     
   6.5099999999999998        759.35024199224313        58.321831182199936     
   6.5200000000000005        738.88158339982931        56.662698113483842     
   6.5300000000000002        716.36562529149103        54.851885550650152     
   6.5400000000000000        692.12163656134908        52.914498208054212     
   6.5499999999999998        666.48695599666223        50.876866869974215     
   6.5600000000000005        639.81211231216173        48.766167096963542     
   6.5700000000000003        612.45560580301117        46.610015662329616     
   6.5800000000000001        584.77847694119851        44.436054478814476     
   6.5899999999999999        557.13885912725641        42.271537111324463     
   6.6000000000000005        529.88668546880706        40.142930717333861     
   6.6100000000000003        503.35881554230190        38.075553369311791     
   6.6200000000000001        477.87489794018222        36.093270237173883     
   6.6299999999999999        453.73098188960114        34.218022766938248     
   6.6400000000000006        431.19621576820629        32.469594560858901     
   6.6500000000000004        410.50955674999835        30.865380206766790     
   6.6600000000000001        391.87642185460197        29.420151790886035     
   6.6699999999999999        375.46629318897732        28.145899039653472     
   6.6799999999999997        361.41063789864165        27.051694453491145     
   6.6900000000000004        349.80367488177103        26.143772412688417     
   6.7000000000000002        340.79743398426206        25.432644327183734     
   6.7100000000000000        334.92912022325163        24.957460523342149     
   6.7199999999999998        332.23854981783944        24.720130194779721     
   6.7300000000000004        332.62740462259256        24.712288604947439     
   6.7400000000000002        335.95119677853211        24.922195606716031     
   6.7500000000000000        342.02243635577639        25.334995285613065     
   6.7599999999999998        350.61478279132655        25.933046064447229     
   6.7700000000000005        361.46848354201813        26.696342949927484     
   6.7800000000000002        374.29087223055421        27.602571698418451     
   6.7900000000000000        388.76355875274140        28.627655283707025     
   6.7999999999999998        404.54810518482969        29.746184204766891     
   6.8100000000000005        421.29225409523286        30.931883560589782     
   6.8200000000000003        438.63553346050929        32.158030312354050     
   6.8300000000000001        456.21536556480766        33.397903774876106     
   6.8399999999999999        473.67295047670478        34.625215678121698     
   6.8500000000000005        490.65921270889714        35.814541073642125     
   6.8600000000000003        506.84093510140343        36.941759118178091     
   6.8700000000000001        521.90460886471601        37.984323789280637     
   6.8799999999999999        535.56196095860537        38.921654139433528     
   6.8900000000000006        547.55466596858435        39.735461971595377     
   6.9000000000000004        557.65797174511306        40.409997952544423     
   6.9100000000000001        565.68412946988826        40.932281437763258     
   6.9199999999999999        571.48461763736213        41.292241158768938     
   6.9299999999999997        574.95323789270526        41.482917596876284     
   6.9400000000000004        576.02723611142005        41.500521333675792     
   6.9500000000000002        574.68683637328525        41.344376717502534     
   6.9600000000000000        570.95576831083849        41.016937378652187     
   6.9699999999999998        564.90043436017470        40.523704043054138     
   6.9800000000000004        556.62841612641182        39.873095711061019     
   6.9900000000000002        546.28634471251303        39.076276445816383     
   7.0000000000000000        534.05714816727595        38.146939154805423     
   7.0099999999999998        520.16200038212833        37.101426560779480     
   7.0200000000000005        504.83534958436132        35.956933731079864     
   7.0300000000000002        488.35277388350966        34.733483206508510     
   7.0400000000000000        471.00535181719624        33.452084646107686     
   7.0499999999999998        453.09898049251564        32.134679467554299     
   7.0600000000000005        434.94964722797795        30.803799378751979     
   7.0700000000000003        416.87834678071562        29.482202742624867     
   7.0800000000000001        399.20580091435033        28.192500064572762     
   7.0899999999999999        382.24721577271362        26.956785315424092     
   7.1000000000000005        366.30716257228875        25.796279054386531     
   7.1100000000000003        351.67486842161679        24.731003405176988     
   7.1200000000000001        338.62030453955725        23.779515768227334     
   7.1299999999999999        327.38802408261876        22.958486962315479     
   7.1400000000000006        318.19402700132548        22.282494888047999     
   7.1500000000000004        311.22273253815712        21.763827450220777     
   7.1600000000000001        306.62379378468228        21.412276102282281     
   7.1699999999999999        304.50992205244563        21.235001537827451     
   7.1799999999999997        304.95512355551057        21.236429216957561     
   7.1900000000000004        307.99562192906961        21.418332540269095     
   7.2000000000000002        313.72493800293381        21.786454027981513     
   7.2100000000000000        322.62198040390041        22.373230263793371     
   7.2199999999999998        334.66930397528000        23.176544596626041     
   7.2300000000000004        349.71218780562970        24.184798603432203     
   7.2400000000000002        367.54992326012848        25.383281993102795     
   7.2500000000000000        387.93904499799885        26.754416896413712     
   7.2599999999999998        410.59814008037023        28.278108820962139     
   7.2700000000000005        435.21338105488252        29.932144501711313     
   7.2800000000000002        461.43967375690551        31.692285285501750     
   7.2900000000000000        488.90806796181755        33.532789297792696     
   7.2999999999999998        517.23120543582434        35.426794892864685     
   7.3100000000000005        546.00987545075839        37.346776706618215     
   7.3200000000000003        574.83887512857439        39.264950486924477     
   7.3300000000000001        603.31334272174990        41.153706870515002     
   7.3399999999999999        631.03469872537505        42.986014899548707     
   7.3500000000000005        657.61666923979249        44.735827839441662     
   7.3600000000000003        682.69172164715667        46.378513698855748     
   7.3700000000000001        705.91503987598196        47.891115324015061     
   7.3799999999999999        726.97001403527111        49.252710977999399     
   7.3900000000000006        745.57311938988948        50.444730675905916     
   7.4000000000000004        761.47762689645106        51.451191006516957     
   7.4100000000000001        774.47708496879477        52.258912615978055     
   7.4199999999999999        784.40877461938669        52.857734138772692     
   7.4299999999999997        791.15452790585516        53.240546965400753     
   7.4400000000000004        794.64188834645790        53.403352711455504     
   7.4500000000000002        794.84597058163502        53.345367153129864     
   7.4600000000000000        791.78882406303057        53.068956036396152     
   7.4699999999999998        785.53859759888849        52.579558072214759     
   7.4800000000000004        776.20802083637454        51.885562890131986     
   7.4900000000000002        763.95227124628013        50.998148948349808     
   7.5000000000000000        748.96612544619416        49.931075029746275     
   7.5099999999999998        731.48795922357317        48.700929375737232     
   7.5200000000000005        711.76615732377195        47.324877481633770     
   7.5300000000000002        690.09973310905491        45.823355452128482     
   7.5400000000000000        666.80411187336131        44.217779301947033     
   7.5499999999999998        642.21250305790090        42.530629341582845     
   7.5600000000000005        616.67086585535094        40.785110175618449     
   7.5700000000000003        590.53279760626776        39.004808296318870     
   7.5800000000000001        564.15412702238507        37.213332917043871     
   7.5899999999999999        537.88752061071204        35.433960514539663     
   7.6000000000000005        512.07714642245992        33.689285948846042     
   7.6100000000000003        487.05383379545367        32.000908922171725     
   7.6200000000000001        463.13101293270114        30.389174076948894     
   7.6299999999999999        440.59832265048112        28.872760330962066     
   7.6400000000000006        419.71833676877776        27.468477537223674     
   7.6500000000000004        400.72331635182280        26.191066428223710     
   7.6600000000000001        383.81185455260015        25.052993117010452     
   7.6699999999999999        369.14650039993302        24.064309022159911     
   7.6799999999999997        356.85176129938151        23.232536542928486     
   7.6900000000000004        347.01486646663056        22.562735140873247     
   7.7000000000000002        339.78086415827215        22.063692477809880     
   7.7100000000000000        335.68000400324320        21.769131258316680     
   7.7199999999999998        334.74533278212743        21.680397200914989     
   7.7300000000000004        336.87177371189000        21.789894806719921     
   7.7400000000000002        341.90800559074290        22.087080464518273     
   7.7500000000000000        349.65989249783530        22.558702741795827     
   7.7599999999999998        359.89461824752647        23.189086227289078     
   7.7700000000000005        372.34604749467866        23.960492116774688     
   7.7800000000000002        386.71544759846716        24.853177866225394     
   7.7900000000000000        402.67870451825638        25.845873203995918     
   7.7999999999999998        419.89179118962909        26.916140460873660     
   7.8100000000000005        437.99715115625349        28.040790727032871     
   7.8200000000000003        456.62932137747464        29.196248169915258     
   7.8300000000000001        475.42102523479520        30.358941585874533     
   7.8399999999999999        494.00907526452454        31.505680820441615     
   7.8500000000000005        512.04028270891854        32.614030745790984     
   7.8600000000000003        529.17774811179129        33.662706622887484     
   7.8700000000000001        545.10472055190428        34.631811979155287     
   7.8799999999999999        559.53000757607185        35.503173069547707     
   7.8900000000000006        572.19274510732566        36.260630234938255     
   7.9000000000000004        582.86603032582809        36.890255083913168     
   7.9100000000000001        591.36037447606668        37.380554644504848     
   7.9199999999999999        597.52577507292540        37.722586810159434     
   7.9300000000000006        601.25512912786735        37.910159465817614     
   7.9400000000000004        602.48534015172243        37.939882881090831     
   7.9500000000000002        601.19654086069102        37.811103198785595     
   7.9600000000000000        597.41276764802478        37.525927616081958     
   7.9699999999999998        591.20115476141791        37.089156509499240     
   7.9800000000000004        582.67042634488041        36.508172076746888     
   7.9900000000000002        571.96873941074148        35.792787197167804     
   8.0000000000000000        559.28095133356635        34.955059458347897     
   8.0099999999999998        544.83078892949948        34.009412542415696     
   8.0199999999999996        528.85486351208135        32.971001465840487     
   8.0299999999999994        511.63209587796473        31.857540216560697     
   8.0400000000000009        493.45693761747390        30.687620498599120     
   8.0500000000000007        474.63891828869043        29.480678154577042     
   8.0600000000000005        455.49802500584616        28.256701303092193     
   8.0700000000000003        436.35955778236632        27.035908164954542     
   8.0800000000000001        417.54881913450942        25.838417025650333     
   8.0899999999999999        399.38583761510358        24.683920742589837     
   8.0999999999999996        382.18025247677292        23.591373609677341     
   8.1099999999999994        366.22658325699740        22.578704269851876     
   8.1200000000000010        351.80028765613707        21.662579289170999     
   8.1300000000000008        339.15156192013097        20.858029638384437     
   8.1400000000000006        328.50218564529388        20.178266931529105     
   8.1500000000000004        320.04249821303307        19.634509092824114     
   8.1600000000000001        313.92816701111093        19.235794547249444     
   8.1699999999999999        310.27799032953794        18.988861097278946     
   8.1799999999999997        309.17211094721199        18.898050791394375     
   8.1899999999999995        310.65291536489599        18.965379448406349     
   8.1999999999999993        314.82020197415471        19.196353778911874     
   8.2100000000000009        322.15903098068810        19.619916624889651     
   8.2200000000000006        332.65778194362969        20.234658269077229     
   8.2300000000000004        346.16767192930496        21.030842766057408     
   8.2400000000000002        362.49402899343335        21.995996904941343     
   8.2500000000000000        381.39926350574092        23.115106879135812     
   8.2599999999999998        402.60769107487164        24.370925609859057     
   8.2699999999999996        425.81112846011945        25.744324574372399     
   8.2799999999999994        450.66982862542852        27.214361631970323     
   8.2900000000000009        476.81989269078093        28.758739004269053     
   8.3000000000000007        503.87890457765218        30.354150878171815     
   8.3100000000000005        531.45234422438409        31.976675344427441     
   8.3200000000000003        559.13942082895721        33.602128655586370     
   8.3300000000000001        586.53941940545894        35.206447743424903     
   8.3399999999999999        613.25763956218418        36.766045537301210     
   8.3499999999999996        638.91139837288097        38.258167567238381     
   8.3599999999999994        663.13643435335848        39.661269997210439     
   8.3700000000000010        685.59087211161670        40.955249230084625     
   8.3800000000000008        705.96070243309589        42.121760288370872     
   8.3900000000000006        723.96465377276661        43.144496649151762     
   8.4000000000000004        739.35791575007795        44.009399747028446     
   8.4100000000000001        751.93559649893893        44.704851159271044     
   8.4199999999999999        761.53634845306908        45.221873423578927     
   8.4299999999999997        768.04284084999608        45.554142399169400     
   8.4399999999999995        771.38292006662482        45.698040288307162     
   8.4499999999999993        771.53181208444823        45.652769945825341     
   8.4600000000000009        768.51133214680738        45.420291498038253     
   8.4700000000000006        762.38903252744956        45.005255757228426     
   8.4800000000000004        753.27667326621611        44.414898187866513     
   8.4900000000000002        741.32812430696913        43.658900135863902     
   8.5000000000000000        726.73651120617205        42.749206541539536     
   8.5099999999999998        709.73800200128790        41.700235135210804     
   8.5199999999999996        690.57911355373244        40.526943283669745     
   8.5299999999999994        669.55608915600021        39.247133010316546     
   8.5400000000000009        646.98142430558767        37.879474490959460     
   8.5500000000000007        623.18503167235929        36.443569103646738     
   8.5600000000000005        598.50938415717440        34.959660289554577     
   8.5700000000000003        573.30432739150694        33.448327152363298     
   8.5800000000000001        547.92168686352829        31.930168232140343     
   8.5899999999999999        522.70988899524707        30.425488300072590     
   8.5999999999999996        498.00867691294360        28.953992843775790     
   8.6099999999999994        474.14426816754894        27.534510346547560     
   8.6200000000000010        451.42528936357235        26.184761564012312     
   8.6300000000000008        430.13643347636389        24.920998463288750     
   8.6400000000000006        410.53519437921966        23.757823748797431     
   8.6500000000000004        392.84861217531284        22.708012264468948     
   8.6600000000000001        377.26999476105664        21.782332261030984     
   8.6699999999999999        363.95656358629816        20.989421198748452     
   8.6799999999999997        353.02741982059899        20.335680865241880     
   8.6899999999999995        344.56435878698898        19.825337099366454     
   8.7000000000000011        338.70700225718127        19.465919669952946     
   8.7100000000000009        335.98018896173369        19.287037253830864     
   8.7200000000000006        336.41177027208778        19.289665726610536     
   8.7300000000000004        339.89148312017022        19.466866158085349     
   8.7400000000000002        346.26264100091515        19.809075572134734     
   8.7500000000000000        355.32586740501449        20.304335280286541     
   8.7599999999999998        366.84325799465859        20.938542122982795     
   8.7699999999999996        380.54376607477872        21.695767735164125     
   8.7799999999999994        396.12392485071854        22.558310071225431     
   8.7900000000000009        413.25503088196609        23.507112109326851     
   8.8000000000000007        431.58865780317552        24.522082829725878     
   8.8100000000000005        450.76307331919435        25.582467271236908     
   8.8200000000000003        470.40887904940945        26.667170014138858     
   8.8300000000000001        490.15511144298966        27.755102573215723     
   8.8399999999999999        509.63513154486895        28.825516490094397     
   8.8499999999999996        528.49252891227400        29.858334966795141     
   8.8599999999999994        546.38747638612563        30.834507696733954     
   8.8700000000000010        563.00060603605766        31.736223564603023     
   8.8800000000000008        578.03837254280529        32.547205661193992     
   8.8900000000000006        591.23787093316116        33.252973618288024     
   8.9000000000000004        602.37047714742823        33.841038041990352     
   8.9100000000000001        611.24528339420124        34.301082120886711     
   8.9199999999999999        617.71100112202464        34.625056116705416     
   8.9299999999999997        621.65974802053165        34.807376708876355     
   8.9399999999999995        623.02816132203100        34.844975465437976     
   8.9500000000000011        621.79624823834729        34.737220571974703     
   8.9600000000000009        617.98823006443706        34.485950338417247     
   8.9700000000000006        611.67174846972114        34.095415187832835     
   8.9800000000000004        602.95635390475013        33.572180061511702     
   8.9900000000000002        591.99132376591467        32.924990198326732     
   9.0000000000000000        578.96294682613984        32.164608157007770     
   9.0099999999999998        564.09687702173812        31.303933242049840     
   9.0199999999999996        547.63134741852389        30.356504845816183     
   9.0299999999999994        529.84769911429453        29.338189319728382     
   9.0400000000000009        511.04294446215056        28.265649583083544     
   9.0500000000000007        491.52951246651878        27.156326655608769     
   9.0600000000000005        471.63046231712354        26.028171209554277     
   9.0700000000000003        451.67439261686536        24.899360122208673     
   9.0800000000000001        431.99012776249651        23.788002630093420     
   9.0899999999999999        412.90143705844486        22.711850223236791     
   9.0999999999999996        394.72185661477408        21.688014099712863     
   9.1099999999999994        377.74996334575349        20.732709294497997     
   9.1200000000000010        362.26543430037901        19.861043547169899     
   9.1300000000000008        348.52281672322806        19.086682186376123     
   9.1400000000000006        336.74837501330461        18.421683534644671     
   9.1500000000000004        327.13700353914072        17.876338991209874     
   9.1600000000000001        319.84902848103724        17.459008104860111     
   9.1699999999999999        315.00799062635986        17.176008212996720     
   9.1799999999999997        312.69879907659828        17.031525004172021     
   9.1899999999999995        312.96864445432311        17.027673800561651     
   9.2000000000000011        315.92224390792074        17.169687168908734     
   9.2100000000000009        322.04943135340397        17.483682483898150     
   9.2200000000000006        331.34310866580017        17.968715220488079     
   9.2300000000000004        343.65904857038561        18.616416498937465     
   9.2400000000000002        358.80722344228337        19.415975294495855     
   9.2500000000000000        376.55467694775274        20.354306862040687     
   9.2599999999999998        396.63021840095286        21.416318488172401     
   9.2699999999999996        418.73001123108423        22.585221749249420     
   9.2799999999999994        442.51849548218001        23.842591351410562     
   9.2900000000000009        467.63582108445246        25.168774008851045     
   9.3000000000000007        493.70345600171754        26.543196559232126     
   9.3100000000000005        520.33055946811692        27.944713183035280     
   9.3200000000000003        547.11981422463202        29.351921363982402     
   9.3300000000000001        573.67376806264349        30.743503111610046     
   9.3399999999999999        599.60077006970278        32.098542294951969     
   9.3499999999999996        624.52092402306414        33.396840856848350     
   9.3599999999999994        648.07256206059310        34.619260793835103     
   9.3700000000000010        669.91618502573169        35.747928763379491     
   9.3800000000000008        689.73986565632993        36.766517359079415     
   9.3900000000000006        707.26415510929439        37.660498142134948     
   9.4000000000000004        722.24579215760639        38.417329370085447     
   9.4100000000000001        734.48115658906147        39.026628936719526     
   9.4199999999999999        743.81010248506698        39.480366373941983     
   9.4299999999999997        750.11601749657370        39.772853525799242     
   9.4399999999999995        753.32696888095325        39.900792843270828     
   9.4500000000000011        753.41832749437049        39.863403571130711     
   9.4600000000000009        750.41177650530562        39.662356052077463     
   9.4700000000000006        744.37444525123374        39.301713054447397     
   9.4800000000000004        735.41739416100609        38.787837244778800     
   9.4900000000000002        723.69351762350698        38.129268578688460     
   9.5000000000000000        709.39470931205040        37.336563648002652     
   9.5099999999999998        692.75548315354217        36.422475454970673     
   9.5199999999999996        674.02096312562287        35.400260668362549     
   9.5299999999999994        653.48519284615770        34.285686927920132     
   9.5400000000000009        631.45844776806348        33.095306486795778     
   9.5500000000000007        608.26823359226739        31.846504376558499     
   9.5600000000000005        584.25435391305530        30.557236083318791     
   9.5700000000000003        559.76378433608465        29.245756757371193     
   9.5800000000000001        535.14527605734611        27.930337998817645     
   9.5899999999999999        510.74400496949977        26.628988788816464     
   9.5999999999999996        486.89630670874908        25.359182641080682     
   9.6099999999999994        463.92482498599503        24.137607959729191     
   9.6200000000000010        442.13449411044303        22.979963311353586     
   9.6300000000000008        421.80619453753451        21.900633153558385     
   9.6400000000000006        403.19348343515816        20.912525074437664     
   9.6500000000000004        386.51940510164059        20.026912181432152     
   9.6600000000000001        371.97317075512524        19.253269707822216     
   9.6699999999999999        359.70782741180352        18.599163775170812     
   9.6799999999999997        349.83828651318657        18.070159427334019     
   9.6899999999999995        342.44210862756353        17.669871446210710     
   9.7000000000000011        337.65452061119902        17.404872196453557     
   9.7100000000000009        335.99617481266893        17.301553800858336     
   9.7200000000000006        337.49090313715982        17.360643165491759     
   9.7300000000000004        342.02441205365056        17.575766292582248     
   9.7400000000000002        349.43602415090578        17.938194258260051     
   9.7500000000000000        359.52228637193315        18.437040326765803     
   9.7599999999999998        372.04130949845529        19.059493314470046     
   9.7699999999999996        386.71818959864169        19.791104892458634     
   9.7799999999999994        403.24573617991933        20.615835183022462     
   9.7900000000000009        421.29164590070798        21.516427267656177     
   9.8000000000000007        440.50403075370707        22.474695446617705     
   9.8100000000000005        460.51787987509709        23.471859320851024     
   9.8200000000000003        480.96069476542556        24.488833745693764     
   9.8300000000000001        501.45859379167092        25.506540884622122     
   9.8399999999999999        521.64222692314831        26.506210717639650     
   9.8499999999999996        541.15269501798900        27.469679950151725     
   9.8599999999999994        559.64784173335408        28.379707998648790     
   9.8700000000000010        576.80617062725287        29.220170751127295     
   9.8800000000000008        592.33226337722112        29.976329118280418     
   9.8900000000000006        605.96157307398528        30.635064361677717     
   9.9000000000000004        617.46407914783617        31.185054502415966     
   9.9100000000000001        626.64771896041646        31.616938393562890     
   9.9199999999999999        633.36006183837117        31.923390213627581     
   9.9299999999999997        637.49256560252263        32.099323544940717     
   9.9399999999999995        638.98169107206536        32.141936170627034     
   9.9500000000000011        637.80728216592161        32.050617194267417     
   9.9600000000000009        633.99364446932964        31.826990184203293     
   9.9700000000000006        627.60876164906188        31.474862670464486     
   9.9800000000000004        618.76277601904690        31.000139079110564     
