 initial energy:           16
 initial magnetization:           24
 average energy:   -1616.9571519080898     
 fraction accepted swaps:   0.14642187500000001     
 elapsed time [s] :   0.64798200000000006     
 final energy	(simu) :        -1562
 final magnetization (simu) :          632
 Magnetization Distribution: 
        -656   1.3020833333333334E-007   2.2413889403151982E-007
        -654   4.2968750000000003E-006   7.2027174960537523E-006
        -652   1.2369791666666668E-005   2.0203669876387074E-005
        -650   1.7578125000000002E-005   2.7932445709140761E-005
        -648   3.4244791666666670E-005   5.2967114271712125E-005
        -646   5.4947916666666666E-005   8.2637264874377994E-005
        -644   8.5546874999999997E-005   1.2499081090483892E-004
        -642   1.1627604166666667E-004   1.6537085274394812E-004
        -640   1.3268229166666666E-004   1.8396897450610606E-004
        -638   1.1783854166666667E-004   1.5883773349502613E-004
        -636   1.4713541666666667E-004   1.9334725000391559E-004
        -634   1.4895833333333335E-004   1.8997447580994402E-004
        -632   1.7708333333333335E-004   2.2043199444115940E-004
        -630   1.9127604166666669E-004   2.3177671654012728E-004
        -628   2.0820312500000000E-004   2.4577058909972362E-004
        -626   2.1497395833333335E-004   2.4763000511037993E-004
        -624   1.8867187500000001E-004   2.1161306367540496E-004
        -622   1.8502604166666667E-004   2.0212732314796021E-004
        -620   2.2851562500000001E-004   2.4293824111640595E-004
        -618   1.7942708333333333E-004   1.8670348093822084E-004
        -616   1.4388020833333334E-004   1.4625749275406596E-004
        -614   1.2539062500000001E-004   1.2421975752542703E-004
        -612   1.4036458333333335E-004   1.3592457751737067E-004
        -610   1.2890625000000001E-004   1.2186894139881018E-004
        -608   1.2864583333333334E-004   1.1851139557032952E-004
        -606   1.2617187500000001E-004   1.1320966423718035E-004
        -604   1.2174479166666668E-004   1.0688844629641599E-004
        -602   1.6575520833333335E-004   1.4242535129812682E-004
        -600   1.9140625000000001E-004   1.6061105794993544E-004
        -598   2.2994791666666668E-004   1.8813753311965896E-004
        -596   2.2122395833333334E-004   1.7694156291277340E-004
        -594   2.3815104166666668E-004   1.8589542636184838E-004
        -592   2.5729166666666668E-004   1.9645595560119946E-004
        -590   2.2213541666666668E-004   1.6576893840718977E-004
        -588   2.1861979166666669E-004   1.5932695799382226E-004
        -586   2.5429687500000002E-004   1.8097211058556900E-004
        -584   2.1054687500000001E-004   1.4665303825399910E-004
        -582   2.0794270833333334E-004   1.4149713528875752E-004
        -580   2.4101562500000002E-004   1.6031332089229609E-004
        -578   1.9973958333333334E-004   1.3010571668875369E-004
        -576   2.2369791666666667E-004   1.4258830983433557E-004
        -574   2.0598958333333333E-004   1.2841680229396099E-004
        -572   2.2174479166666667E-004   1.3521227947677089E-004
        -570   2.1510416666666667E-004   1.2827117240898269E-004
        -568   1.9283854166666668E-004   1.1242970339434894E-004
        -566   1.8463541666666669E-004   1.0529344120483015E-004
        -564   2.0078125000000000E-004   1.1207153216578941E-004
        -562   1.8841145833333335E-004   1.0292333801445531E-004
        -560   1.9088541666666668E-004   1.0208669321755942E-004
        -558   2.4036458333333334E-004   1.2581145261743526E-004
        -556   2.1549479166666668E-004   1.1026324147154873E-004
        -554   2.2473958333333336E-004   1.1294796602415284E-004
        -552   2.2408854166666668E-004   1.1032341512768203E-004
        -550   2.1835937500000002E-004   1.0493626282981062E-004
        -548   2.1380208333333334E-004   1.0052080322748747E-004
        -546   2.1888020833333335E-004   1.0095043933575736E-004
        -544   2.0117187500000002E-004   9.0893739160209181E-005
        -542   1.8763020833333335E-004   8.2831536903667122E-005
        -540   1.7513020833333334E-004   7.5745271908363501E-005
        -538   1.9479166666666668E-004   8.2377431668948431E-005
        -536   1.8164062500000000E-004   7.5285985173508712E-005
        -534   2.0690104166666668E-004   8.4047772707562584E-005
        -532   2.7799479166666668E-004   1.1078528615023551E-004
        -530   2.4479166666666670E-004   9.5388603311856476E-005
        -528   2.3255208333333334E-004   8.8897244344583168E-005
        -526   2.2929687500000001E-004   8.6162417597553914E-005
        -524   1.9804687500000001E-004   7.2953242017069326E-005
        -522   1.6328125000000001E-004   5.8982804634094697E-005
        -520   1.2291666666666668E-004   4.3598577317921521E-005
        -518   1.4674479166666669E-004   5.0995153428453938E-005
        -516   1.3320312499999999E-004   4.5301564091804461E-005
        -514   1.6575520833333335E-004   5.5328080912320209E-005
        -512   1.2382812500000000E-004   4.0468086502706758E-005
        -510   1.3932291666666666E-004   4.4665499520804359E-005
        -508   1.4622395833333333E-004   4.5934469654511724E-005
        -506   1.7682291666666668E-004   5.4403928779897589E-005
        -504   2.0677083333333336E-004   6.2441939386175720E-005
        -502   2.0937500000000001E-004   6.2008097607732030E-005
        -500   2.0260416666666669E-004   5.8719077151182447E-005
        -498   2.0065104166666669E-004   5.7127020516131915E-005
        -496   2.0182291666666667E-004   5.6355184595244504E-005
        -494   1.7643229166666667E-004   4.8442442308669801E-005
        -492   1.6653645833333334E-004   4.4915161256452628E-005
        -490   1.5872395833333334E-004   4.2017903566029257E-005
        -488   1.5429687500000000E-004   4.0118876809370285E-005
        -486   1.7031250000000000E-004   4.3536051082144873E-005
        -484   1.7200520833333334E-004   4.3207798849337606E-005
        -482   1.8580729166666667E-004   4.5826562984753507E-005
        -480   2.2226562500000002E-004   5.3844944397948056E-005
        -478   2.3476562500000000E-004   5.5906668507285901E-005
        -476   2.2929687500000001E-004   5.3711081082163764E-005
        -474   2.6067708333333336E-004   5.9966819038621899E-005
        -472   3.1054687500000000E-004   7.0285970775597952E-005
        -470   3.7799479166666667E-004   8.4059524877567600E-005
        -468   3.2929687500000000E-004   7.1808258477956609E-005
        -466   3.3190104166666670E-004   7.0825755141148939E-005
        -464   2.6549479166666670E-004   5.5666194068693745E-005
        -462   2.3658854166666669E-004   4.8753376264351997E-005
        -460   2.1822916666666667E-004   4.4276705980819019E-005
        -458   2.1901041666666667E-004   4.3671405602255689E-005
        -456   2.4466145833333333E-004   4.8004162349729414E-005
        -454   2.3411458333333335E-004   4.5146486045553324E-005
        -452   2.7486979166666670E-004   5.2068444902045723E-005
        -450   2.4049479166666669E-004   4.4891821258343389E-005
        -448   2.5208333333333333E-004   4.6443405308171095E-005
        -446   2.6106770833333337E-004   4.7244821171412719E-005
        -444   2.7057291666666668E-004   4.8154586831899080E-005
        -442   2.4713541666666666E-004   4.3476769133030094E-005
        -440   2.5494791666666667E-004   4.4137952199397009E-005
        -438   2.4518229166666666E-004   4.1869345659928477E-005
        -436   2.5351562500000000E-004   4.2537559080348514E-005
        -434   2.5364583333333337E-004   4.1901158577355773E-005
        -432   2.3554687500000000E-004   3.8153389435434433E-005
        -430   2.4179687500000001E-004   3.8543546294863316E-005
        -428   2.2916666666666669E-004   3.5903994308720007E-005
        -426   2.5117187500000004E-004   3.8747661525911076E-005
        -424   2.8424479166666670E-004   4.3182644200376908E-005
        -422   3.6354166666666669E-004   5.4516144504182821E-005
        -420   3.9309895833333335E-004   5.7986760837073441E-005
        -418   3.5716145833333335E-004   5.1854930631025992E-005
        -416   3.1679687500000002E-004   4.5210949186283225E-005
        -414   2.9114583333333336E-004   4.0815140678359107E-005
        -412   3.0013020833333335E-004   4.1304810029261809E-005
        -410   2.9726562500000000E-004   4.0388096072743226E-005
        -408   2.5026041666666670E-004   3.3512276449661442E-005
        -406   2.4257812500000001E-004   3.2025140787749696E-005
        -404   2.4869791666666665E-004   3.2309205654149057E-005
        -402   2.6822916666666667E-004   3.4365225454530506E-005
        -400   2.6848958333333336E-004   3.3929350217371603E-005
        -398   2.6236979166666666E-004   3.2707449903010392E-005
        -396   2.6510416666666669E-004   3.2524981025767853E-005
        -394   2.9375000000000001E-004   3.5471302382519387E-005
        -392   3.1914062500000003E-004   3.7990506018118981E-005
        -390   3.2356770833333337E-004   3.7840508107626947E-005
        -388   3.1497395833333334E-004   3.6357668113633161E-005
        -386   3.3671875000000000E-004   3.8373479872739405E-005
        -384   3.2226562500000002E-004   3.6149821410484026E-005
        -382   3.0260416666666668E-004   3.3509915205625491E-005
        -380   2.8216145833333332E-004   3.0821257635715477E-005
        -378   2.7500000000000002E-004   2.9617763162536497E-005
        -376   2.2786458333333334E-004   2.4239647530435236E-005
        -374   2.3984375000000001E-004   2.5105967331427299E-005
        -372   2.6041666666666666E-004   2.6921721538427990E-005
        -370   2.2799479166666668E-004   2.3308784009446490E-005
        -368   1.7786458333333334E-004   1.7936423064203982E-005
        -366   1.8671875000000001E-004   1.8577983085638684E-005
        -364   2.2226562500000002E-004   2.1846950272017685E-005
        -362   2.4739583333333335E-004   2.4008812693454008E-005
        -360   2.3815104166666668E-004   2.2782884671109152E-005
        -358   2.4414062500000000E-004   2.3060320465151316E-005
        -356   2.5833333333333334E-004   2.4057181792363674E-005
        -354   2.3763020833333335E-004   2.1829694792732869E-005
        -352   2.3710937500000002E-004   2.1529234874116067E-005
        -350   2.3684895833333335E-004   2.1296332011904085E-005
        -348   2.3151041666666668E-004   2.0607621630415519E-005
        -346   2.2486979166666667E-004   1.9816870324234683E-005
        -344   2.6692708333333337E-004   2.3216265113023243E-005
        -342   2.8281250000000002E-004   2.4325487388755038E-005
        -340   3.2838541666666666E-004   2.7875338964814655E-005
        -338   2.9283854166666667E-004   2.4563641094244252E-005
        -336   3.6354166666666669E-004   3.0161922884852138E-005
        -334   3.6197916666666670E-004   2.9692987595610342E-005
        -332   3.3776041666666666E-004   2.7361033282941183E-005
        -330   3.8854166666666670E-004   3.1125920065267664E-005
        -328   4.3398437500000002E-004   3.4464243340409205E-005
        -326   5.0729166666666674E-004   3.9837516666944964E-005
        -324   5.2539062500000003E-004   4.0951518608095976E-005
        -322   5.8919270833333339E-004   4.5507859599424786E-005
        -320   5.4322916666666669E-004   4.1434705198227792E-005
        -318   5.0286458333333335E-004   3.8011639533669775E-005
        -316   5.5312500000000001E-004   4.1402582423950202E-005
        -314   6.3567708333333336E-004   4.7035873865888871E-005
        -312   6.8502604166666668E-004   5.0145093096527552E-005
        -310   6.7656250000000008E-004   4.8973528681558947E-005
        -308   6.6627604166666669E-004   4.7682294388298937E-005
        -306   5.9322916666666671E-004   4.2201805644935724E-005
        -304   5.8658854166666668E-004   4.1444832411395365E-005
        -302   6.3763020833333336E-004   4.4684707324180788E-005
        -300   6.2786458333333336E-004   4.3597415108506186E-005
        -298   6.1367187500000007E-004   4.2211541557758869E-005
        -296   5.6640625000000007E-004   3.8573170399806039E-005
        -294   5.6692708333333335E-004   3.8299332780060256E-005
        -292   6.0859374999999998E-004   4.0805853467200585E-005
        -290   5.7499999999999999E-004   3.8127402575323320E-005
        -288   6.0755208333333332E-004   3.9923657817303630E-005
        -286   6.1744791666666664E-004   4.0319749057827949E-005
        -284   5.6666666666666671E-004   3.6691074428182779E-005
        -282   5.9466145833333333E-004   3.8169180490579053E-005
        -280   6.6054687500000000E-004   4.1994023096094879E-005
        -278   6.9218749999999999E-004   4.3783755219477502E-005
        -276   6.7799479166666670E-004   4.2515867811404262E-005
        -274   6.7669270833333340E-004   4.2071212506855006E-005
        -272   7.0429687500000006E-004   4.3466525156868791E-005
        -270   7.8255208333333334E-004   4.7951428430390966E-005
        -268   7.5781250000000002E-004   4.6164428889628287E-005
        -266   8.1757812500000005E-004   4.9355509178343705E-005
        -264   8.1158854166666673E-004   4.8690101760670070E-005
        -262   8.6979166666666672E-004   5.1824728518716399E-005
        -260   8.4934895833333336E-004   5.0310283781754725E-005
        -258   8.4309895833333340E-004   4.9554147961790464E-005
        -256   7.9010416666666671E-004   4.6125860306704879E-005
        -254   8.5104166666666672E-004   4.9278579311036375E-005
        -252   8.7825520833333343E-004   5.0500151283821415E-005
        -250   8.9244791666666671E-004   5.0857537713128199E-005
        -248   9.2669270833333340E-004   5.2408525090116777E-005
        -246   9.0872395833333332E-004   5.0929339008003215E-005
        -244   1.0162760416666666E-003   5.6473639756689247E-005
        -242   1.0218750000000000E-003   5.6450903433240073E-005
        -240   9.8138020833333345E-004   5.3853370232065275E-005
        -238   1.0502604166666668E-003   5.7212123131505209E-005
        -236   1.0721354166666668E-003   5.7871541104308918E-005
        -234   1.0807291666666667E-003   5.7943176056424882E-005
        -232   1.0298177083333333E-003   5.4693671819257411E-005
        -230   1.0704427083333334E-003   5.6374238417426399E-005
        -228   1.0466145833333334E-003   5.4878656825458517E-005
        -226   1.0182291666666666E-003   5.3004844598499289E-005
        -224   1.0928385416666667E-003   5.6440287870268769E-005
        -222   1.0742187500000001E-003   5.5204428288488512E-005
        -220   1.0725260416666667E-003   5.4686279835825808E-005
        -218   9.9205729166666669E-004   5.0288123194285452E-005
        -216   9.9869791666666661E-004   5.0444625893961076E-005
        -214   1.0746093750000000E-003   5.3783969761576377E-005
        -212   1.0235677083333334E-003   5.1042787274110497E-005
        -210   1.0048177083333335E-003   4.9801263729937899E-005
        -208   9.2265625000000008E-004   4.5500757709742722E-005
        -206   8.5260416666666666E-004   4.1946503148950748E-005
        -204   8.3945312500000003E-004   4.1155699321587741E-005
        -202   8.5143229166666668E-004   4.1547924613296382E-005
        -200   8.5898437500000005E-004   4.1655559145074534E-005
        -198   9.2304687500000004E-004   4.4526110468839060E-005
        -196   9.3059895833333341E-004   4.4673477034153868E-005
        -194   9.7447916666666668E-004   4.6601224180212252E-005
        -192   1.0729166666666667E-003   5.1086177227253494E-005
        -190   1.0894531250000001E-003   5.1700340090719891E-005
        -188   1.0871093750000000E-003   5.1272008170003200E-005
        -186   1.0134114583333334E-003   4.7560651980301424E-005
        -184   1.0498697916666666E-003   4.9081831120442786E-005
        -182   9.1992187500000006E-004   4.2694817313321712E-005
        -180   9.0312500000000006E-004   4.1658892524520707E-005
        -178   1.0247395833333334E-003   4.7156236267985686E-005
        -176   1.1000000000000001E-003   5.0457835619586758E-005
        -174   1.1236979166666667E-003   5.1380965220898236E-005
        -172   1.1628906250000001E-003   5.2932810507726995E-005
        -170   1.2615885416666667E-003   5.7167791477708192E-005
        -168   1.3078125000000002E-003   5.8965700867447346E-005
        -166   1.3875000000000001E-003   6.2334831716761424E-005
        -164   1.4673177083333335E-003   6.5497979530743585E-005
        -162   1.4368489583333334E-003   6.3810069818693321E-005
        -160   1.3088541666666667E-003   5.7773755300560360E-005
        -158   1.2388020833333333E-003   5.4381072446282771E-005
        -156   1.2125000000000000E-003   5.3005879074031868E-005
        -154   1.1354166666666667E-003   4.9411274665954367E-005
        -152   1.1886718750000001E-003   5.1561361916005042E-005
        -150   1.2729166666666668E-003   5.4882725482450672E-005
        -148   1.2414062500000001E-003   5.3366262030629132E-005
        -146   1.3104166666666668E-003   5.6169928987127307E-005
        -144   1.2954427083333333E-003   5.5405112669244698E-005
        -142   1.3126302083333334E-003   5.6002394928897944E-005
        -140   1.2927083333333334E-003   5.5161691634954186E-005
        -138   1.3679687500000000E-003   5.8182558335632427E-005
        -136   1.3313802083333335E-003   5.6458057326117317E-005
        -134   1.3343750000000001E-003   5.6367985081190255E-005
        -132   1.4059895833333333E-003   5.9159382744927082E-005
        -130   1.3714843750000001E-003   5.7536545981348436E-005
        -128   1.4145833333333334E-003   5.9166983381079287E-005
        -126   1.3968750000000001E-003   5.8410010529192140E-005
        -124   1.4406250000000001E-003   6.0171126240501882E-005
        -122   1.4007812500000001E-003   5.8257583113997736E-005
        -120   1.4726562500000000E-003   6.1106927072765758E-005
        -118   1.4647135416666667E-003   6.0528903100014138E-005
        -116   1.4356770833333335E-003   5.9299904319536439E-005
        -114   1.5572916666666667E-003   6.4127425084571185E-005
        -112   1.5363281250000002E-003   6.2950021023022812E-005
        -110   1.5191406250000001E-003   6.2026854984615352E-005
        -108   1.5153645833333334E-003   6.1630248591064120E-005
        -106   1.5451822916666667E-003   6.2724867573041082E-005
        -104   1.4842447916666667E-003   6.0305746915566722E-005
        -102   1.4959635416666667E-003   6.0748196115487411E-005
        -100   1.5523437500000001E-003   6.2831061127189270E-005
         -98   1.4110677083333334E-003   5.6817532977521317E-005
         -96   1.4920572916666667E-003   5.9755300596001554E-005
         -94   1.5369791666666667E-003   6.1512119437176339E-005
         -92   1.7005208333333334E-003   6.7945847402562062E-005
         -90   1.8032552083333334E-003   7.1842681564468106E-005
         -88   1.7667968750000001E-003   7.0135791500982260E-005
         -86   1.7546875000000002E-003   6.9484238861455911E-005
         -84   1.6959635416666668E-003   6.7088805701351860E-005
         -82   1.7488281250000002E-003   6.8960995369468425E-005
         -80   1.7024739583333334E-003   6.6857978939356132E-005
         -78   1.7901041666666668E-003   6.9956794588334846E-005
         -76   1.8016927083333333E-003   7.0241242324564610E-005
         -74   1.8617187500000001E-003   7.2497998869595063E-005
         -72   1.9255208333333333E-003   7.4748352613363323E-005
         -70   2.0006510416666666E-003   7.7194191759064499E-005
         -68   1.9630208333333335E-003   7.5525771904827850E-005
         -66   1.7921875000000002E-003   6.8928385910869329E-005
         -64   1.8328125000000000E-003   7.0337361930175189E-005
         -62   1.8194010416666666E-003   6.9649813909994289E-005
         -60   1.8513020833333335E-003   7.0723360801342125E-005
         -58   1.8601562500000000E-003   7.0876561891087780E-005
         -56   1.9412760416666667E-003   7.3689040931163615E-005
         -54   1.8880208333333333E-003   7.1667076766244583E-005
         -52   1.7878906250000000E-003   6.7841359608110423E-005
         -50   1.8001302083333335E-003   6.8489920588283299E-005
         -48   1.8578125000000001E-003   7.0942839110195105E-005
         -46   1.9276041666666667E-003   7.3642492792670396E-005
         -44   1.9990885416666668E-003   7.6533695431436782E-005
         -42   1.9967447916666666E-003   7.6333777214211313E-005
         -40   2.0656250000000002E-003   7.8996066773774864E-005
         -38   2.0561197916666666E-003   7.8385122852934669E-005
         -36   2.0480468750000000E-003   7.8131382021462439E-005
         -34   2.2141927083333336E-003   8.4318655612844112E-005
         -32   2.2125000000000001E-003   8.4298288928679076E-005
         -30   2.1048177083333335E-003   8.0047838204575628E-005
         -28   2.1503906250000000E-003   8.1634386890877433E-005
         -26   2.1184895833333333E-003   8.0068461188110467E-005
         -24   2.0149739583333335E-003   7.6086548690551208E-005
         -22   2.0786458333333334E-003   7.8370077465496308E-005
         -20   2.2518229166666667E-003   8.4894486735431952E-005
         -18   2.1881510416666668E-003   8.2435352781359687E-005
         -16   2.3428385416666667E-003   8.8390948839380369E-005
         -14   2.4628906250000002E-003   9.3085369194224245E-005
         -12   2.4901041666666669E-003   9.4237171258933263E-005
         -10   2.6729166666666668E-003   1.0114139519119760E-004
          -8   2.6433593750000003E-003   1.0016272047296486E-004
          -6   2.6618489583333333E-003   1.0094818929429740E-004
          -4   2.6904947916666670E-003   1.0184136154560581E-004
          -2   2.6472656250000003E-003   1.0000199013683677E-004
           0   2.5341145833333335E-003   9.5625486406352418E-005
           2   2.6041666666666670E-003   9.8373902057780511E-005
           4   2.4865885416666669E-003   9.4123045125898183E-005
           6   2.4235677083333336E-003   9.1911590634190544E-005
           8   2.6019531250000001E-003   9.8593746279062943E-005
          10   2.6541666666666667E-003   1.0043190761775973E-004
          12   2.5033854166666668E-003   9.4739795786668619E-005
          14   2.3493489583333335E-003   8.8794042631318428E-005
          16   2.2555989583333334E-003   8.5099561315210708E-005
          18   2.3378906250000001E-003   8.8076570020191206E-005
          20   2.3889322916666668E-003   9.0063556617033086E-005
          22   2.4066406249999999E-003   9.0736290515833646E-005
          24   2.3832031249999999E-003   8.9991088897134648E-005
          26   2.3709635416666666E-003   8.9610732008254675E-005
          28   2.2572916666666666E-003   8.5692626772040632E-005
          30   2.1324218750000002E-003   8.1097645918733985E-005
          32   2.1634114583333336E-003   8.2427970253648938E-005
          34   2.3447916666666669E-003   8.9291993547550543E-005
          36   2.3513020833333333E-003   8.9700330379780579E-005
          38   2.1919270833333335E-003   8.3562482306776152E-005
          40   2.2199218750000001E-003   8.4896869794887016E-005
          42   2.1845052083333334E-003   8.3511690924214116E-005
          44   2.1333333333333334E-003   8.1673162635879646E-005
          46   2.1809895833333334E-003   8.3322869108161930E-005
          48   2.1170572916666668E-003   8.0842418074899227E-005
          50   2.0714843750000000E-003   7.8814187821989089E-005
          52   1.9061197916666669E-003   7.2327555407699989E-005
          54   1.9587239583333336E-003   7.4350885227214995E-005
          56   2.0757812499999999E-003   7.8794734088443927E-005
          58   2.1661458333333333E-003   8.2535523142946682E-005
          60   2.2837239583333334E-003   8.7242722260144856E-005
          62   2.3272135416666667E-003   8.9089753382475342E-005
          64   2.2764322916666666E-003   8.7362041675564985E-005
          66   2.3454427083333335E-003   9.0206845060483094E-005
          68   2.4123697916666668E-003   9.2814140095565529E-005
          70   2.4450520833333334E-003   9.4341199664934146E-005
          72   2.4523437500000001E-003   9.5199518063300315E-005
          74   2.4722656250000001E-003   9.6273570047349376E-005
          76   2.5148437500000002E-003   9.8044327112570712E-005
          78   2.5315104166666667E-003   9.8930753592261120E-005
          80   2.5149739583333335E-003   9.8765725675997219E-005
          82   2.6199218750000003E-003   1.0331056420438346E-004
          84   2.5585937500000001E-003   1.0121267040549438E-004
          86   2.6559895833333336E-003   1.0517508936598231E-004
          88   2.6471354166666670E-003   1.0508221985518235E-004
          90   2.6355468750000003E-003   1.0500164037449628E-004
          92   2.6304687500000000E-003   1.0510275721489730E-004
          94   2.6151041666666666E-003   1.0466023439310824E-004
          96   2.4208333333333334E-003   9.6951788871704425E-005
          98   2.2588541666666668E-003   9.0954190467291662E-005
         100   2.2195312500000001E-003   8.9835452774204695E-005
         102   2.1688802083333334E-003   8.8074044973076313E-005
         104   2.1673177083333336E-003   8.8059404983736127E-005
         106   2.2666666666666668E-003   9.2012681782379629E-005
         108   2.3071614583333334E-003   9.3832821342590232E-005
         110   2.4382812499999999E-003   9.9555574392895096E-005
         112   2.5496093750000002E-003   1.0446854493192726E-004
         114   2.5516927083333333E-003   1.0507568138648340E-004
         116   2.5990885416666666E-003   1.0735401688030717E-004
         118   2.7531249999999999E-003   1.1377216882804683E-004
         120   2.5600260416666666E-003   1.0622663953825354E-004
         122   2.5502604166666668E-003   1.0606367567119908E-004
         124   2.6842447916666668E-003   1.1211386184453599E-004
         126   2.8186197916666668E-003   1.1785994574248903E-004
         128   2.9589843750000002E-003   1.2376377920977788E-004
         130   2.9921875000000001E-003   1.2552832304674709E-004
         132   2.9906250000000002E-003   1.2583559019128406E-004
         134   2.8625000000000000E-003   1.2092054879243623E-004
         136   2.8441406250000003E-003   1.2060766221754333E-004
         138   2.8417968750000001E-003   1.2086753623407366E-004
         140   2.9743489583333336E-003   1.2691967385347085E-004
         142   3.0544270833333335E-003   1.3031486759667574E-004
         144   3.0014322916666670E-003   1.2836900715034271E-004
         146   3.1667968750000003E-003   1.3574213462797327E-004
         148   3.2492187500000004E-003   1.3967922201723508E-004
         150   3.2652343750000003E-003   1.4078294874421188E-004
         152   3.2335937500000004E-003   1.4026452643466634E-004
         154   3.1834635416666669E-003   1.3853856127384382E-004
         156   3.1747395833333337E-003   1.3878751541914142E-004
         158   3.1854166666666667E-003   1.3983377720473637E-004
         160   3.1221354166666667E-003   1.3781328139642223E-004
         162   3.2710937500000001E-003   1.4526838006209455E-004
         164   3.2260416666666670E-003   1.4400372179019461E-004
         166   3.2639322916666667E-003   1.4663543793581629E-004
         168   3.4217447916666667E-003   1.5427714586774678E-004
         170   3.2463541666666669E-003   1.4710572578410783E-004
         172   3.3617187500000001E-003   1.5301974041971732E-004
         174   3.4786458333333336E-003   1.5906070299438207E-004
         176   3.4138020833333334E-003   1.5659369487148740E-004
         178   3.5800781250000004E-003   1.6474723204425241E-004
         180   3.7415364583333337E-003   1.7258769848502056E-004
         182   3.6553385416666670E-003   1.6964920119417982E-004
         184   3.5770833333333336E-003   1.6723007125645593E-004
         186   3.4119791666666669E-003   1.6012839836718730E-004
         188   3.3566406250000002E-003   1.5831130657737602E-004
         190   3.3752604166666670E-003   1.6017404276701819E-004
         192   3.3605468750000003E-003   1.6001009078376035E-004
         194   3.4489583333333334E-003   1.6493495805524613E-004
         196   3.4100260416666667E-003   1.6369857143521137E-004
         198   3.5177083333333336E-003   1.6968788269518354E-004
         200   3.5751302083333334E-003   1.7337224305689124E-004
         202   3.2220052083333337E-003   1.5722639464077368E-004
         204   3.2065104166666670E-003   1.5720494051394757E-004
         206   3.1981770833333337E-003   1.5734422882475997E-004
         208   3.1256510416666668E-003   1.5414136167405786E-004
         210   3.2166666666666667E-003   1.5942599704346066E-004
         212   3.2236979166666668E-003   1.6075783326961298E-004
         214   3.0973958333333335E-003   1.5502400008340951E-004
         216   3.1494791666666667E-003   1.5908143560927385E-004
         218   3.2641927083333334E-003   1.6546436019917863E-004
         220   3.1920572916666668E-003   1.6275757559490952E-004
         222   3.2764322916666666E-003   1.6837685200281653E-004
         224   3.2285156250000000E-003   1.6673858426585419E-004
         226   3.2563802083333333E-003   1.6951383101839756E-004
         228   3.3166666666666670E-003   1.7390758231625769E-004
         230   3.3070312500000001E-003   1.7416286428972093E-004
         232   3.2705729166666669E-003   1.7370029697257652E-004
         234   3.3438802083333337E-003   1.7928177160301777E-004
         236   3.2114583333333335E-003   1.7334754551817771E-004
         238   3.1248697916666669E-003   1.7022486276134312E-004
         240   3.0190104166666668E-003   1.6566860053080344E-004
         242   3.0614583333333336E-003   1.6912253332343791E-004
         244   3.0769531250000003E-003   1.7098380283027851E-004
         246   2.8936197916666667E-003   1.6217261796458738E-004
         248   2.8377604166666668E-003   1.6048776110917591E-004
         250   2.7227864583333336E-003   1.5516223681342629E-004
         252   2.6841145833333335E-003   1.5433804574717489E-004
         254   2.6411458333333335E-003   1.5293248206013800E-004
         256   2.5208333333333333E-003   1.4716490697722586E-004
         258   2.3407552083333336E-003   1.3758068230256478E-004
         260   2.2583333333333335E-003   1.3376997729737145E-004
         262   2.2864583333333335E-003   1.3623386718393114E-004
         264   2.2312500000000002E-003   1.3386067443780562E-004
         266   2.3131510416666669E-003   1.3964016890480584E-004
         268   2.3416666666666668E-003   1.4264967167544243E-004
         270   2.3286458333333336E-003   1.4268940866041797E-004
         272   2.3451822916666669E-003   1.4473573388803176E-004
         274   2.3016927083333335E-003   1.4310040859797499E-004
         276   2.2500000000000003E-003   1.4109356554274356E-004
         278   2.4555989583333335E-003   1.5532690738979049E-004
         280   2.4829427083333335E-003   1.5785216369395489E-004
         282   2.3420572916666668E-003   1.5032823505234188E-004
         284   2.3424479166666667E-003   1.5167105444922064E-004
         286   2.3696614583333334E-003   1.5474042874386563E-004
         288   2.2740885416666669E-003   1.4943563732944875E-004
         290   2.1444010416666669E-003   1.4219207269316117E-004
         292   2.1773437500000000E-003   1.4598961952899621E-004
         294   2.2002604166666668E-003   1.4864081886023387E-004
         296   2.1766927083333334E-003   1.4823625047667989E-004
         298   1.9697916666666666E-003   1.3549251022401362E-004
         300   1.9141927083333335E-003   1.3291696381380122E-004
         302   1.8109375000000000E-003   1.2690931375632149E-004
         304   1.7562500000000000E-003   1.2408610423194247E-004
         306   1.8031250000000000E-003   1.2827274024825941E-004
         308   1.7236979166666668E-003   1.2335708679153828E-004
         310   1.6042968750000000E-003   1.1612833850759966E-004
         312   1.6213541666666668E-003   1.1868593408818876E-004
         314   1.5028645833333335E-003   1.1120197791071064E-004
         316   1.4799479166666667E-003   1.1077724854769728E-004
         318   1.6067708333333333E-003   1.2145614496258028E-004
         320   1.7118489583333335E-003   1.3057096578166367E-004
         322   1.6694010416666667E-003   1.2894061169596135E-004
         324   1.7312500000000001E-003   1.3494210443946568E-004
         326   1.6800781250000001E-003   1.3193621087104486E-004
         328   1.6502604166666668E-003   1.3105305133403729E-004
         330   1.7429687500000002E-003   1.3962854088259816E-004
         332   1.6674479166666667E-003   1.3507532468054928E-004
         334   1.6316406250000001E-003   1.3384274372683208E-004
         336   1.4970052083333335E-003   1.2420187228049607E-004
         338   1.5242187500000000E-003   1.2785326040427888E-004
         340   1.4496093750000002E-003   1.2305160535102362E-004
         342   1.4313802083333333E-003   1.2311698106104243E-004
         344   1.4403645833333334E-003   1.2527723155134787E-004
         346   1.4730468750000000E-003   1.2981369657097104E-004
         348   1.5167968750000001E-003   1.3501585172818355E-004
         350   1.4427083333333334E-003   1.2972147261786546E-004
         352   1.4983072916666667E-003   1.3604442926768454E-004
         354   1.5923177083333334E-003   1.4627689732620835E-004
         356   1.5907552083333333E-003   1.4813840219622329E-004
         358   1.5721354166666668E-003   1.4849616495799303E-004
         360   1.6179687500000000E-003   1.5478410329316692E-004
         362   1.5820312500000001E-003   1.5353003906603486E-004
         364   1.4975260416666668E-003   1.4719494732189537E-004
         366   1.6032552083333335E-003   1.5951932059516676E-004
         368   1.6188802083333335E-003   1.6325296336548178E-004
         370   1.6532552083333334E-003   1.6901863539002976E-004
         372   1.6789062500000001E-003   1.7356433875824522E-004
         374   1.6360677083333333E-003   1.7125758931562648E-004
         376   1.6671875000000000E-003   1.7735111255982441E-004
         378   1.6535156250000000E-003   1.7808521515201277E-004
         380   1.5997395833333334E-003   1.7474387231767438E-004
         382   1.5432291666666667E-003   1.7089479992128800E-004
         384   1.5338541666666667E-003   1.7205854392545529E-004
         386   1.5833333333333335E-003   1.8044142121133457E-004
         388   1.5769531250000000E-003   1.8202882121711914E-004
         390   1.5083333333333333E-003   1.7639615529929599E-004
         392   1.5796875000000001E-003   1.8804602978858407E-004
         394   1.6183593750000000E-003   1.9542234809943862E-004
         396   1.6545572916666668E-003   2.0299358246288416E-004
         398   1.6217447916666667E-003   2.0216937396625036E-004
         400   1.6545572916666668E-003   2.0908838662082494E-004
         402   1.6488281250000001E-003   2.1124604365568923E-004
         404   1.6528645833333334E-003   2.1472934899150164E-004
         406   1.7537760416666667E-003   2.3153334475051031E-004
         408   1.7989583333333334E-003   2.4089782072243625E-004
         410   1.8041666666666668E-003   2.4512372281381084E-004
         412   1.7945312500000001E-003   2.4696871662615455E-004
         414   1.7537760416666667E-003   2.4585828702898874E-004
         416   1.6368489583333335E-003   2.3359919532296198E-004
         418   1.6554687500000000E-003   2.4035128984428158E-004
         420   1.6429687500000001E-003   2.4235738596959018E-004
         422   1.6608072916666668E-003   2.4905208565574924E-004
         424   1.6287760416666668E-003   2.4744466161361192E-004
         426   1.5441406250000002E-003   2.3821074029848596E-004
         428   1.5049479166666668E-003   2.3578316262510556E-004
         430   1.5813802083333335E-003   2.5207935904745013E-004
         432   1.6218750000000001E-003   2.6270791531662321E-004
         434   1.6829427083333334E-003   2.7801461735745551E-004
         436   1.5820312500000001E-003   2.6545009903761402E-004
         438   1.5649739583333334E-003   2.6724783084794499E-004
         440   1.5058593750000000E-003   2.6070246025844044E-004
         442   1.3466145833333333E-003   2.3690028786817560E-004
         444   1.4226562500000001E-003   2.5319394404491307E-004
         446   1.5240885416666666E-003   2.7581078893335954E-004
         448   1.5959635416666668E-003   2.9403761304868449E-004
         450   1.5436197916666667E-003   2.8813889605720674E-004
         452   1.6165364583333333E-003   3.0621967951629446E-004
         454   1.5996093750000001E-003   3.0846750893749868E-004
         456   1.6384114583333335E-003   3.2146693711902356E-004
         458   1.6733072916666667E-003   3.3366304006812595E-004
         460   1.7110677083333333E-003   3.4716001986512094E-004
         462   1.6049479166666668E-003   3.3072873738822385E-004
         464   1.6527343750000001E-003   3.4652820074248635E-004
         466   1.6395833333333334E-003   3.4987756325513829E-004
         468   1.5611979166666667E-003   3.4044326577726370E-004
         470   1.5647135416666667E-003   3.4796531534747843E-004
         472   1.4860677083333334E-003   3.3634120941798717E-004
         474   1.4617187500000001E-003   3.3625749776601874E-004
         476   1.4303385416666668E-003   3.3504612475160079E-004
         478   1.4151041666666667E-003   3.3699039009272495E-004
         480   1.3098958333333335E-003   3.1732872914080694E-004
         482   1.1816406250000000E-003   2.9143381856106383E-004
         484   1.1233072916666668E-003   2.8217538279578770E-004
         486   1.2015625000000002E-003   3.0714883745109548E-004
         488   1.2578125000000000E-003   3.2704502107891724E-004
         490   1.4046875000000001E-003   3.7185327618566337E-004
         492   1.3157552083333335E-003   3.5486137959065973E-004
         494   1.3354166666666668E-003   3.6666102458872136E-004
         496   1.3065104166666668E-003   3.6481801434108609E-004
         498   1.2605468750000002E-003   3.5888818015358413E-004
         500   1.3187500000000000E-003   3.8220232222826208E-004
         502   1.3627604166666666E-003   4.0359250594684294E-004
         504   1.3747395833333335E-003   4.1515239045292402E-004
         506   1.4463541666666668E-003   4.4500651022614314E-004
         508   1.4466145833333334E-003   4.5443629373252475E-004
         510   1.3940104166666667E-003   4.4690545595302007E-004
         512   1.3665364583333333E-003   4.4659576009033382E-004
         514   1.4359375000000001E-003   4.7930720840618006E-004
         516   1.4791666666666668E-003   5.0305549177213948E-004
         518   1.4513020833333333E-003   5.0434070994990912E-004
         520   1.4255208333333333E-003   5.0563265304725082E-004
         522   1.4415364583333333E-003   5.2073255989159683E-004
         524   1.4410156250000000E-003   5.3081757357193045E-004
         526   1.4145833333333334E-003   5.3155508505384772E-004
         528   1.3739583333333334E-003   5.2522044922958654E-004
         530   1.4389322916666667E-003   5.6071247616985430E-004
         532   1.4391927083333333E-003   5.7354087485646515E-004
         534   1.3953125000000001E-003   5.6680675414363794E-004
         536   1.3871093750000001E-003   5.7492587817447195E-004
         538   1.2910156250000001E-003   5.4597074531926725E-004
         540   1.2294270833333335E-003   5.3173744041544100E-004
         542   1.2949218750000001E-003   5.7165831679872967E-004
         544   1.3809895833333335E-003   6.2396051620270451E-004
         546   1.3223958333333334E-003   6.0990640207849605E-004
         548   1.3230468750000000E-003   6.2204134080054831E-004
         550   1.3485677083333333E-003   6.4807684801928959E-004
         552   1.3691406250000001E-003   6.7405619411247915E-004
         554   1.3606770833333333E-003   6.8383907587045033E-004
         556   1.3317708333333335E-003   6.8143349472567997E-004
         558   1.2902343750000001E-003   6.7533352328611373E-004
         560   1.2688802083333334E-003   6.7860492865287625E-004
         562   1.2367187500000000E-003   6.7558110881914073E-004
         564   1.2994791666666667E-003   7.2533974773967473E-004
         566   1.3141927083333334E-003   7.4945465590997931E-004
         568   1.3351562500000000E-003   7.7842956016587036E-004
         570   1.2381510416666667E-003   7.3833570123306078E-004
         572   1.1639322916666666E-003   7.0972552333696700E-004
         574   1.0247395833333334E-003   6.3883706324492607E-004
         576   1.0380208333333333E-003   6.6164959604151524E-004
         578   1.0053385416666668E-003   6.5485413204293829E-004
         580   9.7343750000000002E-004   6.4748913397666430E-004
         582   8.7395833333333336E-004   5.9469553666758950E-004
         584   8.0182291666666672E-004   5.5849685192834039E-004
         586   8.4973958333333342E-004   6.0472298703605903E-004
         588   7.9544270833333333E-004   5.7970719856120323E-004
         590   7.5234375000000008E-004   5.6143782304615621E-004
         592   7.9440104166666667E-004   6.0656770502171952E-004
         594   8.1510416666666667E-004   6.3625225206406278E-004
         596   8.2161458333333338E-004   6.5715200822813425E-004
         598   9.1640625000000001E-004   7.4978027072262728E-004
         600   9.4648437500000006E-004   7.9420529267896654E-004
         602   9.5481770833333334E-004   8.2042820193964177E-004
         604   1.1407552083333335E-003   1.0015504577571130E-003
         606   1.1653645833333334E-003   1.0456413776292715E-003
         608   1.2227864583333333E-003   1.1264580119442961E-003
         610   1.2653645833333334E-003   1.1962852247612498E-003
         612   1.4302083333333335E-003   1.3849680514385896E-003
         614   1.4582031250000001E-003   1.4445867752100284E-003
         616   1.3589843750000002E-003   1.3814384179856891E-003
         618   1.4420572916666668E-003   1.5005377731428125E-003
         620   1.5647135416666667E-003   1.6634694264933620E-003
         622   1.6485677083333335E-003   1.8009388025167659E-003
         624   1.5286458333333335E-003   1.7145185421319905E-003
         626   1.5337239583333333E-003   1.7667073471805969E-003
         628   1.5229166666666668E-003   1.7977065729270589E-003
         630   1.5713541666666666E-003   1.9040717598408823E-003
         632   1.4838541666666667E-003   1.8470904475378330E-003
         634   1.5065104166666666E-003   1.9213327667142067E-003
         636   1.4688802083333333E-003   1.9302215285789130E-003
         638   1.4526041666666667E-003   1.9580041490281897E-003
         640   1.4095052083333334E-003   1.9543318439927361E-003
         642   1.4895833333333334E-003   2.1185246980859646E-003
         644   1.3820312500000000E-003   2.0192579405539728E-003
         646   1.3782552083333333E-003   2.0727854234485572E-003
         648   1.3253906250000000E-003   2.0500085785998393E-003
         650   1.3705729166666666E-003   2.1779031372919679E-003
         652   1.3363281250000001E-003   2.1826343572774794E-003
         654   1.3162760416666668E-003   2.2064324596244660E-003
         656   1.2286458333333333E-003   2.1149746040814211E-003
         658   1.3195312500000000E-003   2.3262222513379159E-003
         660   1.2201822916666667E-003   2.2061476672241894E-003
         662   1.0985677083333333E-003   2.0422101097286277E-003
         664   9.8554687500000009E-004   1.8786822715246682E-003
         666   8.4101562500000007E-004   1.6453567177494328E-003
         668   8.7903645833333334E-004   1.7636968964546882E-003
         670   8.9882812500000000E-004   1.8549671056066112E-003
         672   8.8502604166666666E-004   1.8781643715043604E-003
         674   9.4361979166666672E-004   2.0568787903425699E-003
         676   9.0638020833333336E-004   2.0324724661140939E-003
         678   9.4726562500000008E-004   2.1875058344249416E-003
         680   9.5494791666666666E-004   2.2647155204313335E-003
         682   9.9166666666666674E-004   2.4173534616302545E-003
         684   9.2721354166666668E-004   2.3253026168493442E-003
         686   9.0481770833333343E-004   2.3343850806638654E-003
         688   9.1341145833333335E-004   2.4189252910178003E-003
         690   8.2161458333333338E-004   2.2361392056510199E-003
         692   8.5625000000000002E-004   2.3994266215132242E-003
         694   9.0234375000000004E-004   2.5970097488327301E-003
         696   9.1210937500000005E-004   2.7030634289336901E-003
         698   9.5989583333333333E-004   2.9268957873433378E-003
         700   8.6184895833333339E-004   2.6992079941823427E-003
         702   9.7773437500000009E-004   3.1570270394927799E-003
         704   9.9856770833333330E-004   3.3314211746990753E-003
         706   9.8789062500000005E-004   3.3986539280269640E-003
         708   9.0690104166666675E-004   3.2171799071630375E-003
         710   8.5755208333333332E-004   3.1217851364157183E-003
         712   7.4192708333333337E-004   2.7795139364994595E-003
         714   7.4127604166666667E-004   2.8575710287210565E-003
         716   8.0273437500000006E-004   3.1920948050302490E-003
         718   8.3111979166666675E-004   3.4052642723957091E-003
         720   8.9010416666666676E-004   3.7625673438314222E-003
         722   8.5156250000000000E-004   3.7203063566164664E-003
         724   7.9947916666666665E-004   3.6061963546858487E-003
         726   7.8138020833333336E-004   3.6365189998498241E-003
         728   8.3476562500000000E-004   3.9970762979828801E-003
         730   9.2330729166666668E-004   4.5679031837385260E-003
         732   7.8164062500000000E-004   4.0000524663601740E-003
         734   7.1002604166666675E-004   3.7510486065170526E-003
         736   7.4179687500000005E-004   4.0391390137505569E-003
         738   7.7773437500000000E-004   4.3769941737599946E-003
         740   8.0494791666666670E-004   4.6699435184816909E-003
         742   7.3867187500000007E-004   4.4205954831014463E-003
         744   8.5963541666666675E-004   5.3003143323246387E-003
         746   9.1132812500000003E-004   5.7956813481757161E-003
         748   8.1223958333333332E-004   5.3382208939861857E-003
         750   7.8151041666666668E-004   5.2965891690122113E-003
         752   7.0807291666666675E-004   4.9455697190185759E-003
         754   7.3229166666666668E-004   5.2795118873257543E-003
         756   7.2851562500000000E-004   5.4372813010973601E-003
         758   7.0195312499999999E-004   5.4205672563796478E-003
         760   6.5690104166666674E-004   5.2499225134921253E-003
         762   6.0377604166666674E-004   5.0137720638646667E-003
         764   6.6966145833333341E-004   5.7469175347127427E-003
         766   7.2929687500000002E-004   6.4725841038123649E-003
         768   7.7031250000000006E-004   7.0528774902897913E-003
         770   7.8906250000000005E-004   7.4754495163516380E-003
         772   8.1992187500000001E-004   8.0356047663573699E-003
         774   7.9804687500000004E-004   8.0692983889988929E-003
         776   8.0299479166666670E-004   8.3799044255520230E-003
         778   7.8046875000000002E-004   8.4459312982934978E-003
         780   7.2343750000000001E-004   8.0885833803978954E-003
         782   6.7330729166666667E-004   7.7897058308934973E-003
         784   6.4960937500000001E-004   7.7665526553964224E-003
         786   7.2916666666666670E-004   9.0229640712339593E-003
         788   7.1210937500000007E-004   9.1233813526135528E-003
         790   7.5299479166666668E-004   9.9707701978566654E-003
         792   7.3007812500000004E-004   9.9728532890341910E-003
         794   7.0598958333333332E-004   9.9740716864551368E-003
         796   7.1250000000000003E-004   1.0394241217273777E-002
         798   7.0729166666666672E-004   1.0664386670151490E-002
         800   6.3906249999999998E-004   9.9450660638294580E-003
         802   6.9049479166666673E-004   1.1105223014657292E-002
         804   6.6601562500000005E-004   1.1046070984903717E-002
         806   6.5130208333333338E-004   1.1167905204068769E-002
         808   6.2395833333333335E-004   1.1039374583150824E-002
         810   6.3567708333333336E-004   1.1598815969698842E-002
         812   5.9752604166666667E-004   1.1265913356843670E-002
         814   6.8359375000000007E-004   1.3311396978446313E-002
         816   6.6184895833333341E-004   1.3302049868716069E-002
         818   6.4960937500000001E-004   1.3510398554404805E-002
         820   6.4960937500000001E-004   1.3955281073902063E-002
         822   6.3763020833333336E-004   1.4169844065276382E-002
         824   6.1744791666666664E-004   1.4169645914471849E-002
         826   5.1236979166666672E-004   1.2110166400518535E-002
         828   4.7122395833333337E-004   1.1469386931058076E-002
         830   4.9335937499999998E-004   1.2354324310555699E-002
         832   5.0507812499999999E-004   1.3015530350782477E-002
         834   4.5872395833333334E-004   1.2173668027356891E-002
         836   4.0859374999999999E-004   1.1171341637598718E-002
         838   4.4453125000000005E-004   1.2462500454114801E-002
         840   3.6289062500000004E-004   1.0434680592928347E-002
         842   3.5351562500000004E-004   1.0421277564215811E-002
         844   3.8346354166666666E-004   1.1606106841722256E-002
         846   3.6744791666666669E-004   1.1374366372679677E-002
         848   2.9296874999999999E-004   9.3097040331158471E-003
         850   3.0755208333333334E-004   1.0015817047127626E-002
         852   2.5455729166666666E-004   8.4781489925035078E-003
         854   2.0690104166666668E-004   7.0295071375537912E-003
         856   2.4505208333333334E-004   8.5096302224263141E-003
         858   2.3997395833333333E-004   8.4813501339675770E-003
         860   2.0677083333333336E-004   7.4319502255923786E-003
         862   1.8789062500000002E-004   6.8687656015326212E-003
         864   1.7890625000000000E-004   6.6359095043314930E-003
         866   1.6536458333333334E-004   6.2263247572851505E-003
         868   1.2630208333333333E-004   4.8223913636654117E-003
         870   1.2122395833333335E-004   4.6770942298965329E-003
         872   1.1549479166666667E-004   4.5047274270104574E-003
         874   1.3020833333333333E-004   5.1232959739272296E-003
         876   1.1783854166666667E-004   4.6674614419336203E-003
         878   1.2916666666666667E-004   5.1302413364987627E-003
         880   1.0989583333333333E-004   4.3656769316221802E-003
         882   1.6354166666666668E-004   6.4934817424803252E-003
         884   2.1666666666666668E-004   8.5897091316938373E-003
         886   1.9687500000000000E-004   7.7607130120598599E-003
         888   1.8971354166666667E-004   7.4462781067168027E-003
         890   1.8971354166666667E-004   7.3644460561174347E-003
         892   1.2473958333333334E-004   4.7911135899291902E-003
         894   1.2604166666666666E-004   4.7598578961545223E-003
         896   1.6940104166666669E-004   6.2853667470011898E-003
         898   1.9153645833333335E-004   6.9327185024339105E-003
         900   1.5494791666666668E-004   5.4826214451221969E-003
         902   1.3151041666666668E-004   4.5278239425866158E-003
         904   1.3385416666666667E-004   4.4620795776990638E-003
         906   1.3554687500000001E-004   4.3752077219574815E-003
         908   1.1510416666666667E-004   3.5595006494234384E-003
         910   1.1263020833333334E-004   3.3437229412866510E-003
         912   1.0533854166666667E-004   2.9732192294162135E-003
         914   9.0364583333333342E-005   2.4158166175960523E-003
         916   1.0781250000000001E-004   2.7163093484531813E-003
         918   1.2799479166666666E-004   3.0254055406417780E-003
         920   1.5455729166666667E-004   3.4207053448082761E-003
         922   1.6549479166666668E-004   3.4006996285664863E-003
         924   1.5195312500000002E-004   2.8751004784325421E-003
         926   1.8151041666666668E-004   3.1510786150194072E-003
         928   1.4869791666666666E-004   2.3502421057855654E-003
         930   1.5572916666666667E-004   2.2274229265363331E-003
         932   1.7643229166666667E-004   2.2645820752819996E-003
         934   1.6901041666666667E-004   1.9314186826875485E-003
         936   1.4648437499999999E-004   1.4811759587686905E-003
         938   9.8307291666666668E-005   8.7429478605439319E-004
         940   1.2630208333333333E-004   9.7453168726363429E-004
         942   1.5273437500000001E-004   1.0197002616932945E-003
         944   1.2057291666666667E-004   6.8669022309165789E-004
         946   1.1601562500000000E-004   5.6039460133536104E-004
         948   9.6744791666666678E-005   3.9081031252868702E-004
         950   8.6067708333333341E-005   2.8811113848266134E-004
         952   1.3033854166666668E-004   3.5792655175965392E-004
         954   8.4244791666666672E-005   1.8664083057633838E-004
         956   9.1536458333333335E-005   1.6167973517961458E-004
         958   2.9166666666666666E-005   4.0450777525429634E-005
         960   6.0546875000000000E-005   6.4989416849640808E-005
         962   5.7031250000000001E-005   4.6728069484243944E-005
         964   1.1184895833333333E-004   6.8685432755415728E-005
         966   1.1497395833333334E-004   5.2090609050314133E-005
         968   8.4244791666666672E-005   2.7647686065197106E-005
         970   8.8671875000000006E-005   2.0613315686114972E-005
         972   9.0755208333333340E-005   1.4693539892756910E-005
         974   5.4687500000000001E-005   6.0168259812095863E-006
         976   5.6640625000000003E-005   4.1300580990595424E-006
         978   3.8151041666666666E-005   1.7983620211676509E-006
         980   7.8515624999999999E-005   2.3198457121459218E-006
         982   3.6328125000000004E-005   6.6391624479114176E-007
         984   4.2708333333333332E-005   4.6545148067234108E-007
         986   1.0429687500000001E-004   6.5827086753262766E-007
         988   1.2148437500000001E-004   4.2571380582367941E-007
         990   1.6888020833333333E-004   3.1929909220969470E-007
         992   1.6171875000000000E-004   2.9166607958316761E-007
         994   1.2825520833333333E-004   2.3131327567586161E-007
         996   8.9973958333333331E-005   1.6227154669240645E-007
         998   1.6276041666666666E-005   2.9354476608611876E-008
        1000   3.9062500000000001E-006   7.0450743860668499E-009
 final energy (calc) :        -1562
 final magnetization (calc) :          632
