   5.0000000000000002E-005   8.6547315731877461E-006
   2.0000000000000001E-004   8.6942536654532887E-006
   4.4999999999999999E-004   8.6477120930794626E-006
   8.0000000000000004E-004   8.6784148152219132E-006
   1.2500000000000002E-003   8.6279906099662185E-006
   1.8000000000000000E-003   8.6597074187011458E-006
   2.4500000000000004E-003   8.5901510828989558E-006
   3.2000000000000002E-003   8.6406744230771437E-006
   4.0499999999999998E-003   8.5362835307023488E-006
   5.0000000000000010E-003   8.6145955719985068E-006
   6.0499999999999998E-003   8.4769581008004025E-006
   7.1999999999999998E-003   8.5701376519864425E-006
   8.4500000000000009E-003   8.4210269051254727E-006
   9.8000000000000014E-003   8.5049232438905165E-006
   1.1250000000000000E-002   8.3626355262822472E-006
   1.2800000000000001E-002   8.4327657532412559E-006
   1.4450000000000003E-002   8.2845717770396732E-006
   1.6199999999999999E-002   8.3687873484450392E-006
   1.8050000000000000E-002   8.1812986536533572E-006
   2.0000000000000004E-002   8.3064114733133465E-006
   2.2049999999999997E-002   8.0711342889117077E-006
   2.4199999999999999E-002   8.2227597886230797E-006
   2.6450000000000001E-002   7.9733908933121711E-006
   2.8799999999999999E-002   8.1088310253107920E-006
   3.1250000000000000E-002   7.8876691986806691E-006
   3.3800000000000004E-002   7.9695582826389000E-006
   3.6450000000000003E-002   7.8143684731912799E-006
   3.9200000000000006E-002   7.7969652920728549E-006
   4.2049999999999997E-002   7.7641298048547469E-006
   4.4999999999999998E-002   7.5912748798145913E-006
   4.8050000000000002E-002   7.7153745223768055E-006
   5.1200000000000002E-002   7.3992382567666937E-006
   5.4450000000000005E-002   7.6079886639490724E-006
   5.7800000000000011E-002   7.2783009272825439E-006
   6.1250000000000013E-002   7.4032100201293360E-006
   6.4799999999999996E-002   7.2415236900269520E-006
   6.8449999999999997E-002   7.1208260123967193E-006
   7.2200000000000000E-002   7.2309849201701581E-006
   7.6050000000000006E-002   6.8627150540123694E-006
   8.0000000000000016E-002   7.1123354246083181E-006
   8.4050000000000014E-002   6.7627811404236127E-006
   8.8199999999999987E-002   6.8067306528973859E-006
   9.2449999999999991E-002   6.7979899540659972E-006
   9.6799999999999997E-002   6.4582382037770003E-006
  0.10125000000000001        6.7328069235372823E-006
  0.10580000000000001        6.3233351283997763E-006
  0.11045000000000002        6.3921056607796345E-006
  0.11520000000000000        6.4005098465713672E-006
  0.12004999999999999        5.9995868468831759E-006
  0.12500000000000000        6.3027023315953556E-006
  0.13005000000000000        5.9424214668979403E-006
  0.13520000000000001        5.8543887462292332E-006
  0.14045000000000002        6.0463289628387429E-006
  0.14580000000000001        5.5444911595259327E-006
  0.15125000000000002        5.7481333897158038E-006
  0.15680000000000002        5.6717813095019665E-006
  0.16245000000000004        5.2547839004546404E-006
  0.16819999999999999        5.5836844694567844E-006
  0.17404999999999998        5.2744135246030055E-006
  0.17999999999999999        5.0277085392735898E-006
  0.18604999999999999        5.3509834287979174E-006
  0.19220000000000001        4.9072064030042384E-006
  0.19845000000000002        4.8084993977681734E-006
  0.20480000000000001        5.0804956117644906E-006
  0.21125000000000002        4.5804113142366987E-006
  0.21780000000000002        4.5664673962164670E-006
  0.22445000000000004        4.8023130148067139E-006
  0.23120000000000004        4.2884294089162722E-006
  0.23805000000000004        4.2909300645987969E-006
  0.24500000000000005        4.5312012844078708E-006
  0.25205000000000000        4.0296731640410144E-006
  0.25919999999999999        3.9816259231884032E-006
  0.26644999999999996        4.2636679609131534E-006
  0.27379999999999999        3.8118710108392406E-006
  0.28125000000000000        3.6483222629613010E-006
  0.28880000000000000        3.9781143641448580E-006
  0.29644999999999999        3.6443623230297817E-006
  0.30420000000000003        3.3199539757333696E-006
  0.31205000000000005        3.6411477140063653E-006
  0.32000000000000006        3.5163409393135225E-006
  0.32805000000000006        3.0522087399731390E-006
  0.33620000000000005        3.2341545193048660E-006
  0.34445000000000003        3.3695462207106175E-006
  0.35279999999999995        2.9056959647277836E-006
  0.36124999999999996        2.8031804504280444E-006
  0.36979999999999996        3.1041972761158831E-006
  0.37845000000000001        2.8722263323288644E-006
  0.38719999999999999        2.4838391254888847E-006
  0.39605000000000001        2.6729744604381267E-006
  0.40500000000000003        2.8007555101794424E-006
  0.41405000000000003        2.3987010990822455E-006
  0.42320000000000002        2.2217188870854443E-006
  0.43245000000000006        2.4898922674765345E-006
  0.44180000000000008        2.4352891614398686E-006
  0.45125000000000004        2.0308639250288252E-006
  0.46079999999999999        2.0014529127365677E-006
  0.47044999999999998        2.2458154944615671E-006
  0.48019999999999996        2.1025812202424277E-006
  0.49004999999999999        1.7428581031708745E-006
  0.50000000000000000        1.7661258198131691E-006
  0.51005000000000000        1.9787655674008420E-006
  0.52020000000000000        1.8319819901080336E-006
  0.53044999999999998        1.5053625475047738E-006
  0.54080000000000006        1.5093276033439906E-006
  0.55125000000000002        1.7066749933292158E-006
  0.56180000000000008        1.6178061059690663E-006
  0.57245000000000001        1.3156370641809190E-006
  0.58320000000000005        1.2483749287639512E-006
  0.59405000000000008        1.4231653722163173E-006
  0.60500000000000009        1.4335753348859726E-006
  0.61605000000000010        1.1846599363707355E-006
  0.62720000000000009        1.0214756684945314E-006
  0.63845000000000018        1.1230458767386153E-006
  0.64980000000000016        1.2310454167163698E-006
  0.66125000000000012        1.1012666618626099E-006
  0.67279999999999995        8.8106696694012498E-007
  0.68444999999999989        8.4411004763751407E-007
  0.69619999999999993        9.6712187769298907E-007
  0.70804999999999996        9.9604869774339022E-007
  0.71999999999999997        8.3849016618842143E-007
  0.73204999999999998        6.7679934545594733E-007
  0.74419999999999997        6.8275392095529241E-007
  0.75644999999999996        7.8370010214712238E-007
  0.76880000000000004        7.8882345633246587E-007
  0.78125000000000000        6.5484209699206986E-007
  0.79380000000000006        5.2408529427339090E-007
  0.80645000000000000        5.2082532420172356E-007
  0.81920000000000004        5.9867846857741824E-007
  0.83205000000000007        6.1903722325951094E-007
  0.84500000000000008        5.2916124104740447E-007
  0.85805000000000009        4.1290573449259682E-007
  0.87120000000000009        3.7574031352960446E-007
  0.88445000000000007        4.2252216303495516E-007
  0.89780000000000015        4.6593763158853108E-007
  0.91125000000000012        4.3426476281638315E-007
  0.92480000000000018        3.4553633554423868E-007
  0.93845000000000012        2.7577621608543268E-007
  0.95220000000000016        2.7271298108644260E-007
  0.96605000000000019        3.1211305895340047E-007
  0.98000000000000020        3.3237188290513586E-007
  0.99404999999999988        2.9945042001600086E-007
   1.0082000000000000        2.3467981691283057E-007
   1.0224499999999999        1.8635726917182183E-007
   1.0367999999999999        1.8179510163918167E-007
   1.0512500000000000        2.0651313548114558E-007
   1.0657999999999999        2.2359247964232054E-007
   1.0804499999999999        2.0867547334546543E-007
   1.0952000000000000        1.6806531277779868E-007
   1.1100500000000000        1.2836042628805444E-007
   1.1250000000000000        1.1179506742564627E-007
   1.1400500000000000        1.1967964042014501E-007
   1.1552000000000000        1.3509455243365665E-007
   1.1704500000000000        1.3873643922579504E-007
   1.1858000000000000        1.2340314015091280E-007
   1.2012500000000002        9.6876895838704513E-008
   1.2168000000000001        7.3692639546152350E-008
   1.2324500000000000        6.3949123330075963E-008
   1.2482000000000002        6.7401359160612628E-008
   1.2640500000000001        7.5616469530359609E-008
   1.2800000000000002        7.8934462521829118E-008
   1.2960500000000001        7.2720425237093878E-008
   1.3122000000000003        5.9164285914903303E-008
   1.3284500000000001        4.4578346347634579E-008
   1.3448000000000002        3.4863990805433787E-008
   1.3612500000000003        3.2229255708671189E-008
   1.3778000000000001        3.4731861831005517E-008
   1.3944500000000000        3.8209645225606437E-008
   1.4111999999999998        3.8964049764445008E-008
   1.4280499999999998        3.5567911282896603E-008
   1.4449999999999998        2.9080876373654974E-008
   1.4620499999999998        2.1959580820407609E-008
   1.4791999999999998        1.6545129710721085E-008
   1.4964500000000001        1.3974733370503145E-008
   1.5138000000000000        1.3929204456530897E-008
   1.5312500000000000        1.5113730711391327E-008
   1.5488000000000000        1.6054658047437442E-008
   1.5664500000000001        1.5774872963447706E-008
   1.5842000000000001        1.4080119292714244E-008
   1.6020500000000000        1.1443088254736722E-008
   1.6200000000000001        8.6438420865420085E-009
   1.6380500000000000        6.3822747087272091E-009
   1.6562000000000001        5.0253401440158996E-009
   1.6744500000000002        4.5527692726921032E-009
   1.6928000000000001        4.6611718929057133E-009
   1.7112500000000002        4.9456696515903786E-009
   1.7298000000000002        5.0658872652320497E-009
   1.7484500000000003        4.8442347910793160E-009
   1.7672000000000003        4.2789727316971948E-009
   1.7860500000000001        3.4952201133364724E-009
   1.8050000000000002        2.6680453402150306E-009
   1.8240500000000002        1.9522112815195669E-009
   1.8431999999999999        1.4389470726072773E-009
   1.8624499999999999        1.1457259585512247E-009
   1.8817999999999999        1.0313699894126671E-009
   1.9012499999999999        1.0240167602759698E-009
   1.9207999999999998        1.0497175351176224E-009
   1.9404500000000000        1.0525996740895494E-009
   1.9601999999999999        1.0040080988815703E-009
   1.9800500000000001        9.0114571360544460E-010
   2.0000000000000000        7.5939965427096467E-010
