   5.0000000000000002E-005   1.0919878150161821E-005
   2.0000000000000001E-004   1.0987690075126011E-005
   4.4999999999999999E-004   1.0895681953115854E-005
   8.0000000000000004E-004   1.0964522516587749E-005
   1.2500000000000002E-003   1.0881122761929873E-005
   1.8000000000000000E-003   1.0922177352767903E-005
   2.4500000000000004E-003   1.0820815077750012E-005
   3.2000000000000002E-003   1.0948994713544380E-005
   4.0499999999999998E-003   1.0690630915632937E-005
   5.0000000000000010E-003   1.0953380296996329E-005
   6.0499999999999998E-003   1.0650373042153660E-005
   7.1999999999999998E-003   1.0806175851030275E-005
   8.4500000000000009E-003   1.0634743375703692E-005
   9.8000000000000014E-003   1.0790918167913333E-005
   1.1250000000000000E-002   1.0429730536998250E-005
   1.2800000000000001E-002   1.0751914487627801E-005
   1.4450000000000003E-002   1.0414409189252183E-005
   1.6199999999999999E-002   1.0566381206444930E-005
   1.8050000000000000E-002   1.0248645594401751E-005
   2.0000000000000004E-002   1.0631080840539653E-005
   2.2049999999999997E-002   1.0113698408531491E-005
   2.4199999999999999E-002   1.0301182555849664E-005
   2.6450000000000001E-002   1.0133082469110377E-005
   2.8799999999999999E-002   1.0244282748317346E-005
   3.1250000000000000E-002   1.0006263437389862E-005
   3.3800000000000004E-002   9.8974314823863097E-006
   3.6450000000000003E-002   9.9128037618356757E-006
   3.9200000000000006E-002   9.9580765891005285E-006
   4.2049999999999997E-002   9.7305546660209075E-006
   4.4999999999999998E-002   9.5870354925864376E-006
   4.8050000000000002E-002   9.6293524620705284E-006
   5.1200000000000002E-002   9.3633052529185079E-006
   5.4450000000000005E-002   9.7819938673637807E-006
   5.7800000000000011E-002   9.1411275207065046E-006
   6.1250000000000013E-002   9.2758828031946905E-006
   6.4799999999999996E-002   9.1381061793072149E-006
   6.8449999999999997E-002   8.8927690740092658E-006
   7.2200000000000000E-002   9.1640749815269373E-006
   7.6050000000000006E-002   8.8224769569933414E-006
   8.0000000000000016E-002   8.9868353825295344E-006
   8.4050000000000014E-002   8.4637595136882737E-006
   8.8199999999999987E-002   8.5941428551450372E-006
   9.2449999999999991E-002   8.5315523392637260E-006
   9.6799999999999997E-002   8.0418421930517070E-006
  0.10125000000000001        8.5050132838659920E-006
  0.10580000000000001        8.0951976997312158E-006
  0.11045000000000002        8.1376419984735548E-006
  0.11520000000000000        8.0730033005238511E-006
  0.12004999999999999        7.6112451097287703E-006
  0.12500000000000000        8.0392355812364258E-006
  0.13005000000000000        7.5214315984339919E-006
  0.13520000000000001        7.3281785262224730E-006
  0.14045000000000002        7.5625744102580938E-006
  0.14580000000000001        6.9694774538220372E-006
  0.15125000000000002        7.2651059781492222E-006
  0.15680000000000002        7.1338345151161775E-006
  0.16245000000000004        6.5618360167718492E-006
  0.16819999999999999        6.9772354436281603E-006
  0.17404999999999998        6.6200968831253704E-006
  0.17999999999999999        6.3453908296651207E-006
  0.18604999999999999        6.7670093812921550E-006
  0.19220000000000001        6.1819409893359989E-006
  0.19845000000000002        6.0353013395797461E-006
  0.20480000000000001        6.3558209149050526E-006
  0.21125000000000002        5.7303936955577228E-006
  0.21780000000000002        5.7291731536679436E-006
  0.22445000000000004        6.0557686083484441E-006
  0.23120000000000004        5.4229485613177530E-006
  0.23805000000000004        5.4436213758890517E-006
  0.24500000000000005        5.7612087402958423E-006
  0.25205000000000000        5.1277247621328570E-006
  0.25919999999999999        5.0640105655475054E-006
  0.26644999999999996        5.4105294111650437E-006
  0.27379999999999999        4.8318979679606855E-006
  0.28125000000000000        4.6095292418613099E-006
  0.28880000000000000        5.0143430598836858E-006
  0.29644999999999999        4.5810111259925179E-006
  0.30420000000000003        4.1671282815514132E-006
  0.31205000000000005        4.5750430217594840E-006
  0.32000000000000006        4.4341159082250670E-006
  0.32805000000000006        3.8594657780777197E-006
  0.33620000000000005        4.0894396988733206E-006
  0.34445000000000003        4.2621286411304027E-006
  0.35279999999999995        3.6664971503341803E-006
  0.36124999999999996        3.5238556392869214E-006
  0.36979999999999996        3.9157089304353576E-006
  0.37845000000000001        3.6386702504387358E-006
  0.38719999999999999        3.1501319881499512E-006
  0.39605000000000001        3.3848298244265607E-006
  0.40500000000000003        3.5393825328355888E-006
  0.41405000000000003        3.0385779155039927E-006
  0.42320000000000002        2.8225067580933683E-006
  0.43245000000000006        3.1623465019947616E-006
  0.44180000000000008        3.0981250347394962E-006
  0.45125000000000004        2.5776378151931567E-006
  0.46079999999999999        2.5306769657618133E-006
  0.47044999999999998        2.8464487513701897E-006
  0.48019999999999996        2.6664829420042224E-006
  0.49004999999999999        2.2082926989241969E-006
  0.50000000000000000        2.2329077182803303E-006
  0.51005000000000000        2.5127433218585793E-006
  0.52020000000000000        2.3325915208260994E-006
  0.53044999999999998        1.9067366565650445E-006
  0.54080000000000006        1.9074730062129674E-006
  0.55125000000000002        2.1644491425831802E-006
  0.56180000000000008        2.0613369997590780E-006
  0.57245000000000001        1.6751807834225474E-006
  0.58320000000000005        1.5876798897807021E-006
  0.59405000000000008        1.7992607581618358E-006
  0.60500000000000009        1.8150153664464597E-006
  0.61605000000000010        1.5150120589169092E-006
  0.62720000000000009        1.2959515061083948E-006
  0.63845000000000018        1.4190702586347470E-006
  0.64980000000000016        1.5614547237419174E-006
  0.66125000000000012        1.4023827361597796E-006
  0.67279999999999995        1.1237440276090638E-006
  0.68444999999999989        1.0720405043684877E-006
  0.69619999999999993        1.2221645420140703E-006
  0.70804999999999996        1.2670902833633590E-006
  0.71999999999999997        1.0712608400353929E-006
  0.73204999999999998        8.6077000105433399E-007
  0.74419999999999997        8.6537801280428539E-007
  0.75644999999999996        9.9434964795364067E-007
  0.76880000000000004        1.0051501249108696E-006
  0.78125000000000000        8.3515158166846959E-007
  0.79380000000000006        6.7071266585116973E-007
  0.80645000000000000        6.6182235514133936E-007
  0.81920000000000004        7.5824448231287533E-007
  0.83205000000000007        7.9082127513174783E-007
  0.84500000000000008        6.7823100380337564E-007
  0.85805000000000009        5.2754046464542625E-007
  0.87120000000000009        4.7963305860321270E-007
  0.88445000000000007        5.3784066267326125E-007
  0.89780000000000015        5.9234713489786373E-007
  0.91125000000000012        5.5594301784367417E-007
  0.92480000000000018        4.4334552740110666E-007
  0.93845000000000012        3.5419367350186803E-007
  0.95220000000000016        3.4677378835112904E-007
  0.96605000000000019        3.9433780330000445E-007
  0.98000000000000020        4.2265287447662558E-007
  0.99404999999999988        3.8473217500722967E-007
   1.0082000000000000        3.0233854886319023E-007
   1.0224499999999999        2.3984674157873087E-007
   1.0367999999999999        2.3054766984387243E-007
   1.0512500000000000        2.6293739097127400E-007
   1.0657999999999999        2.8377914418342698E-007
   1.0804499999999999        2.6788262630361714E-007
   1.0952000000000000        2.1784607895369845E-007
   1.1100500000000000        1.6627350873932301E-007
   1.1250000000000000        1.4359827105181466E-007
   1.1400500000000000        1.5170013512033620E-007
   1.1552000000000000        1.7307999655713502E-007
   1.1704500000000000        1.7801089313707052E-007
   1.1858000000000000        1.5783710693995090E-007
   1.2012500000000002        1.2499729962200945E-007
   1.2168000000000001        9.4939032635465992E-008
   1.2324500000000000        8.1593604761565075E-008
   1.2482000000000002        8.6163275625494862E-008
   1.2640500000000001        9.6454790821098868E-008
   1.2800000000000002        1.0136477612832095E-007
   1.2960500000000001        9.3042984872226953E-008
   1.3122000000000003        7.6646379909561801E-008
   1.3284500000000001        5.8199436381300984E-008
   1.3448000000000002        4.5358763856029327E-008
   1.3612500000000003        4.0973386461473638E-008
   1.3778000000000001        4.4139515154029141E-008
   1.3944500000000000        4.7683169412948700E-008
   1.4111999999999998        5.0229090220454964E-008
   1.4280499999999998        4.5987174956962917E-008
   1.4449999999999998        3.8023888038196674E-008
   1.4620499999999998        2.8794449491442720E-008
   1.4791999999999998        2.1773198355390377E-008
   1.4964500000000001        1.8042710436816378E-008
   1.5138000000000000        1.8174267424342361E-008
   1.5312500000000000        1.9363524117466113E-008
   1.5488000000000000        2.0323044580550231E-008
   1.5664500000000001        2.0170912051753476E-008
   1.5842000000000001        1.8785536681775739E-008
   1.6020500000000000        1.4911803347672503E-008
   1.6200000000000001        1.1505035146797127E-008
   1.6380500000000000        8.6195930393273557E-009
   1.6562000000000001        6.5560832318567464E-009
   1.6744500000000002        6.0144147440155393E-009
   1.6928000000000001        6.0276179603135915E-009
   1.7112500000000002        6.3720126952659939E-009
   1.7298000000000002        6.4465055515938730E-009
   1.7484500000000003        6.4515339737170052E-009
   1.7672000000000003        5.3789639409274059E-009
   1.7860500000000001        4.6325019376070031E-009
   1.8050000000000002        3.5062335257407540E-009
   1.8240500000000002        2.6611195469428139E-009
   1.8431999999999999        1.9102883719313013E-009
   1.8624499999999999        1.5006336173684076E-009
   1.8817999999999999        1.3329348735879876E-009
   1.9012499999999999        1.2755106970629981E-009
   1.9207999999999998        1.3419285682658710E-009
   1.9404500000000000        1.3445320412586170E-009
   1.9601999999999999        1.2891190337427361E-009
   1.9800500000000001        1.1848872993880377E-009
   2.0000000000000000        1.0152215734748893E-009
