 initial potential energy	:    245218.04374080981     
 final potential energy :   -466.35541839343352     
 step	utot	ukin	upot	temp	press

  550   -261.18470    222.25886   -483.44357      1.49669      1.80807
  600   -261.18432    213.45291   -474.63723      1.43739      1.79065
  650   -261.18368    210.18906   -471.37274      1.41541      1.70576
  700   -261.18440    208.06744   -469.25184      1.40113      1.70662
  750   -261.18465    193.87577   -455.06042      1.30556      2.20211
  800   -261.18476    183.82428   -445.00904      1.23787      2.55720
  850   -261.18406    194.38512   -455.56918      1.30899      2.16443
  900   -261.18557    210.87302   -472.05859      1.42002      1.62660
  950   -261.18424    204.51446   -465.69869      1.37720      1.92896
 1000   -261.18453    202.20120   -463.38573      1.36162      2.12702
 1050   -261.18448    201.64258   -462.82706      1.35786      2.22049
 1100   -261.18451    201.37428   -462.55879      1.35606      2.30523
 1150   -261.18438    197.49395   -458.67832      1.32993      2.53013
 1200   -261.18487    195.61842   -456.80329      1.31730      2.67016
 1250   -261.18442    186.96151   -448.14594      1.25900      2.97053
 1300   -261.18477    185.30618   -446.49095      1.24785      3.02592
 1350   -261.18466    186.69861   -447.88327      1.25723      2.98340
 1400   -261.18415    190.83672   -452.02087      1.28510      2.81725
 1450   -261.18504    207.84504   -469.03008      1.39963      2.17735
 1500   -261.18537    214.76348   -475.94885      1.44622      1.90121
 1550   -261.18503    198.46228   -459.64732      1.33645      2.48503
 1600   -261.18478    180.52143   -441.70621      1.21563      3.14309
 1650   -261.18573    184.02732   -445.21306      1.23924      3.07497
 1700   -261.18557    180.58682   -441.77238      1.21607      3.23726
 1750   -261.18449    175.52434   -436.70882      1.18198      3.42529
 1800   -261.18604    193.70907   -454.89512      1.30444      2.82322
 1850   -261.18534    190.98662   -452.17196      1.28611      2.87666
 1900   -261.18512    183.32561   -444.51074      1.23452      3.11111
 1950   -261.18632    188.22623   -449.41255      1.26752      2.95758
 2000   -261.18486    178.63385   -439.81872      1.20292      3.24653
 2050   -261.18590    182.51621   -443.70211      1.22907      3.05249
 2100   -261.18536    188.50812   -449.69348      1.26941      2.70941
 2150   -261.18583    196.29755   -457.48338      1.32187      2.30310
 2200   -261.18576    192.58326   -453.76902      1.29686      2.35830
 2250   -261.18591    184.13556   -445.32147      1.23997      2.65202
 2300   -261.18586    181.12489   -442.31075      1.21970      2.78668
 2350   -261.18633    185.21686   -446.40319      1.24725      2.70388
 2400   -261.18652    184.03995   -445.22647      1.23933      2.82117
 2450   -261.18601    177.53671   -438.72272      1.19553      3.10495
 2500   -261.18620    178.01015   -439.19634      1.19872      3.09101
 2550   -261.18615    182.74867   -443.93483      1.23063      2.85253
 2600   -261.18635    189.75317   -450.93952      1.27780      2.54905
 2650   -261.18606    188.11626   -449.30232      1.26678      2.60893
 2700   -261.18549    186.04270   -447.22820      1.25281      2.73907
 2750   -261.18594    190.88207   -452.06802      1.28540      2.64934
 2800   -261.18645    188.78550   -449.97195      1.27128      2.78837
 2850   -261.18570    171.44590   -432.63160      1.15452      3.43285
 2900   -261.18622    171.02757   -432.21379      1.15170      3.47280
 2950   -261.18658    180.40758   -441.59416      1.21487      3.10355
 3000   -261.18625    178.00830   -439.19454      1.19871      3.09936
 3050   -261.18590    174.83401   -436.01991      1.17733      3.13489
 3100   -261.18632    178.09233   -439.27865      1.19927      2.97378
 3150   -261.18642    180.63512   -441.82154      1.21640      2.86076
 3200   -261.18674    179.25653   -440.44328      1.20711      2.90572
 3250   -261.18596    174.13962   -435.32558      1.17266      3.08367
 3300   -261.18677    184.43593   -445.62270      1.24199      2.79113
 3350   -261.18597    181.03468   -442.22065      1.21909      2.99359
 3400   -261.18588    177.88137   -439.06725      1.19785      3.17014
 3450   -261.18644    179.46941   -440.65585      1.20855      3.12216
 3500   -261.18577    172.87017   -434.05594      1.16411      3.30496
 3550   -261.18567    178.06284   -439.24850      1.19908      3.10766
 3600   -261.18661    195.42478   -456.61138      1.31599      2.51010
 3650   -261.18597    196.30646   -457.49243      1.32193      2.48282
 3700   -261.18562    195.95780   -457.14343      1.31958      2.53239
 3750   -261.18676    200.38756   -461.57431      1.34941      2.44317
 3800   -261.18535    184.61851   -445.80386      1.24322      3.01288
 3850   -261.18593    182.32031   -443.50625      1.22775      3.11737
 3900   -261.18605    186.79744   -447.98349      1.25790      2.93162
 3950   -261.18620    184.99560   -446.18179      1.24576      2.92376
 4000   -261.18489    179.90481   -441.08971      1.21148      2.98447
 4050   -261.18577    195.34809   -456.53386      1.31548      2.37635
 4100   -261.18579    205.76382   -466.94961      1.38561      1.97049
 4150   -261.18567    200.01323   -461.19890      1.34689      2.17615
 4200   -261.18527    188.61611   -449.80138      1.27014      2.61883
 4250   -261.18591    183.43012   -444.61604      1.23522      2.87914
 4300   -261.18571    168.63224   -429.81795      1.13557      3.40848
 4350   -261.18501    162.09609   -423.28110      1.09156      3.58351
 4400   -261.18648    177.23232   -438.41881      1.19348      3.00260
 4450   -261.18500    177.73483   -438.91982      1.19687      2.92204
 4500   -261.18694    181.00767   -442.19461      1.21891      2.84842
 4550   -261.18397    169.51939   -430.70335      1.14154      3.23319
 4600   -261.18613    193.57219   -454.75832      1.30352      2.46224
 4650   -261.18538    197.40030   -458.58568      1.32929      2.37112
 4700   -261.18589    188.51843   -449.70432      1.26948      2.81989
 4750   -261.18465    170.81165   -431.99630      1.15025      3.55959
 4800   -261.18535    173.26238   -434.44773      1.16675      3.54940
 4850   -261.18548    177.73447   -438.91995      1.19687      3.38177
 4900   -261.18551    179.91589   -441.10140      1.21155      3.26430
 4950   -261.18604    179.86478   -441.05082      1.21121      3.24752
 5000   -261.18537    173.87646   -435.06183      1.17089      3.44465

 average temperature :    1.2629847527973788     
 average pressure	:    2.7700796803075716     
 average ukin	:    187.55323579041118     
 average upot	:   -448.73877040751637     
 average utot	:   -261.18553461710536     
 average drift :    6.9415649225035257E-006
