   0.0000000000   0.0000000000   0.0000000000
   0.0005000000   0.0000009565   0.0003188215
   0.0010000000   0.0000038257   0.0006376241
   0.0015000000   0.0000086076   0.0009563949
   0.0020000000   0.0000153015   0.0012751213
   0.0025000000   0.0000239069   0.0015937906
   0.0030000000   0.0000344230   0.0019123902
   0.0035000000   0.0000468491   0.0022309074
   0.0040000000   0.0000611839   0.0025493296
   0.0045000000   0.0000774264   0.0028676442
   0.0050000000   0.0000955752   0.0031858387
   0.0055000000   0.0001156287   0.0035039005
   0.0060000000   0.0001375854   0.0038218172
   0.0065000000   0.0001614435   0.0041395763
   0.0070000000   0.0001872009   0.0044571654
   0.0075000000   0.0002148557   0.0047745721
   0.0080000000   0.0002444056   0.0050917842
   0.0085000000   0.0002758483   0.0054087892
   0.0090000000   0.0003091811   0.0057255751
   0.0095000000   0.0003444014   0.0060421295
   0.0100000000   0.0003815064   0.0063584404
   0.0105000000   0.0004204932   0.0066744957
   0.0110000000   0.0004613587   0.0069902832
   0.0115000000   0.0005040996   0.0073057909
   0.0120000000   0.0005487125   0.0076210069
   0.0125000000   0.0005951939   0.0079359192
   0.0130000000   0.0006435402   0.0082505158
   0.0135000000   0.0006937476   0.0085647850
   0.0140000000   0.0007458120   0.0088787148
   0.0145000000   0.0007997295   0.0091922936
   0.0150000000   0.0008554959   0.0095055095
   0.0155000000   0.0009131066   0.0098183510
   0.0160000000   0.0009725574   0.0101308062
   0.0165000000   0.0010338435   0.0104428637
   0.0170000000   0.0010969602   0.0107545120
   0.0175000000   0.0011619027   0.0110657396
   0.0180000000   0.0012286658   0.0113765349
   0.0185000000   0.0012972444   0.0116868868
   0.0190000000   0.0013676334   0.0119967839
   0.0195000000   0.0014398271   0.0123062149
   0.0200000000   0.0015138202   0.0126151687
   0.0205000000   0.0015896070   0.0129236344
   0.0210000000   0.0016671817   0.0132316007
   0.0215000000   0.0017465383   0.0135390570
   0.0220000000   0.0018276710   0.0138459922
   0.0225000000   0.0019105734   0.0141523958
   0.0230000000   0.0019952395   0.0144582570
   0.0235000000   0.0020816627   0.0147635653
   0.0240000000   0.0021698367   0.0150683103
   0.0245000000   0.0022597548   0.0153724817
   0.0250000000   0.0023514104   0.0156760692
   0.0255000000   0.0024440737   0.0159743377
   0.0260000000   0.0025391675   0.0162767149
   0.0265000000   0.0026359786   0.0165784820
   0.0270000000   0.0027345000   0.0168796295
   0.0275000000   0.0028347243   0.0171801475
   0.0280000000   0.0029366445   0.0174800266
   0.0285000000   0.0030402530   0.0177792573
   0.0290000000   0.0031455425   0.0180778305
   0.0295000000   0.0032525054   0.0183757369
   0.0300000000   0.0033611341   0.0186729675
   0.0305000000   0.0034714209   0.0189695134
   0.0310000000   0.0035833580   0.0192653659
   0.0315000000   0.0036969376   0.0195605162
   0.0320000000   0.0038121516   0.0198549561
   0.0325000000   0.0039289920   0.0201486769
   0.0330000000   0.0040474508   0.0204416706
   0.0335000000   0.0041675197   0.0207339290
   0.0340000000   0.0042891906   0.0210254441
   0.0345000000   0.0044124551   0.0213162081
   0.0350000000   0.0045373048   0.0216062133
   0.0355000000   0.0046637313   0.0218954521
   0.0360000000   0.0047917261   0.0221839170
   0.0365000000   0.0049212805   0.0224716005
   0.0370000000   0.0050523860   0.0227584955
   0.0375000000   0.0051850338   0.0230445948
   0.0380000000   0.0053192152   0.0233298914
   0.0385000000   0.0054549214   0.0236143784
   0.0390000000   0.0055921435   0.0238980489
   0.0395000000   0.0057308724   0.0241808963
   0.0400000000   0.0058710993   0.0244629138
   0.0405000000   0.0060128151   0.0247440950
   0.0410000000   0.0061560106   0.0250244334
   0.0415000000   0.0063006768   0.0253039228
   0.0420000000   0.0064468043   0.0255825568
   0.0425000000   0.0065943840   0.0258603294
   0.0430000000   0.0067434065   0.0261372345
   0.0435000000   0.0068938625   0.0264132662
   0.0440000000   0.0070457425   0.0266884185
   0.0445000000   0.0071990371   0.0269626856
   0.0450000000   0.0073537368   0.0272360621
   0.0455000000   0.0075098320   0.0275085421
   0.0460000000   0.0076673132   0.0277801203
   0.0465000000   0.0078261708   0.0280507913
   0.0470000000   0.0079863950   0.0283205497
   0.0475000000   0.0081479763   0.0285893904
   0.0480000000   0.0083109048   0.0288573082
   0.0485000000   0.0084751708   0.0291242981
   0.0490000000   0.0086407645   0.0293903553
   0.0495000000   0.0088076761   0.0296554750
   0.0500000000   0.0089758957   0.0299196524
   0.0505000000   0.0091404898   0.0301666329
   0.0510000000   0.0093112219   0.0304288298
   0.0515000000   0.0094832332   0.0306900751
   0.0520000000   0.0096565138   0.0309503646
   0.0525000000   0.0098310537   0.0312096942
   0.0530000000   0.0100068431   0.0314680599
   0.0535000000   0.0101838720   0.0317254578
   0.0540000000   0.0103621305   0.0319818842
   0.0545000000   0.0105416087   0.0322373354
   0.0550000000   0.0107222966   0.0324918078
   0.0555000000   0.0109041842   0.0327452980
   0.0560000000   0.0110872617   0.0329978027
   0.0565000000   0.0112715191   0.0332493188
   0.0570000000   0.0114569464   0.0334998432
   0.0575000000   0.0116435336   0.0337493729
   0.0580000000   0.0118312710   0.0339979050
   0.0585000000   0.0120201484   0.0342454370
   0.0590000000   0.0122101560   0.0344919660
   0.0595000000   0.0124012839   0.0347374898
   0.0600000000   0.0125935221   0.0349820058
   0.0605000000   0.0127868608   0.0352255119
   0.0610000000   0.0129812901   0.0354680059
   0.0615000000   0.0131768002   0.0357094856
   0.0620000000   0.0133733811   0.0359499491
   0.0625000000   0.0135710229   0.0361893945
   0.0630000000   0.0137697160   0.0364278201
   0.0635000000   0.0139694504   0.0366652241
   0.0640000000   0.0141702163   0.0369016050
   0.0645000000   0.0143720040   0.0371369612
   0.0650000000   0.0145748036   0.0373712913
   0.0655000000   0.0147786054   0.0376045939
   0.0660000000   0.0149833996   0.0378368677
   0.0665000000   0.0151891765   0.0380681116
   0.0670000000   0.0153959264   0.0382983243
   0.0675000000   0.0156036395   0.0385275049
   0.0680000000   0.0158123062   0.0387556524
   0.0685000000   0.0160219167   0.0389827658
   0.0690000000   0.0162324615   0.0392088442
   0.0695000000   0.0164439308   0.0394338869
   0.0700000000   0.0166563151   0.0396578931
   0.0705000000   0.0168696047   0.0398808622
   0.0710000000   0.0170837901   0.0401027936
   0.0715000000   0.0172988616   0.0403236868
   0.0720000000   0.0175148098   0.0405435412
   0.0725000000   0.0177316251   0.0407623565
   0.0730000000   0.0179492979   0.0409801323
   0.0735000000   0.0181678190   0.0411968684
   0.0740000000   0.0183871786   0.0414125645
   0.0745000000   0.0186073676   0.0416272205
   0.0750000000   0.0188283764   0.0418408364
   0.0755000000   0.0190371232   0.0420245544
   0.0760000000   0.0192595745   0.0422359089
   0.0765000000   0.0194828184   0.0424462275
   0.0770000000   0.0197068459   0.0426555105
   0.0775000000   0.0199316476   0.0428637582
   0.0780000000   0.0201572144   0.0430709710
   0.0785000000   0.0203835374   0.0432771494
   0.0790000000   0.0206106072   0.0434822938
   0.0795000000   0.0208384151   0.0436864048
   0.0800000000   0.0210669519   0.0438894832
   0.0805000000   0.0212962088   0.0440915295
   0.0810000000   0.0215261767   0.0442925447
   0.0815000000   0.0217568470   0.0444925296
   0.0820000000   0.0219882107   0.0446914851
   0.0825000000   0.0222202590   0.0448894122
   0.0830000000   0.0224529834   0.0450863120
   0.0835000000   0.0226863750   0.0452821857
   0.0840000000   0.0229204253   0.0454770344
   0.0845000000   0.0231551257   0.0456708594
   0.0850000000   0.0233904677   0.0458636621
   0.0855000000   0.0236264427   0.0460554439
   0.0860000000   0.0238630424   0.0462462062
   0.0865000000   0.0241002583   0.0464359505
   0.0870000000   0.0243380821   0.0466246784
   0.0875000000   0.0245765055   0.0468123915
   0.0880000000   0.0248155203   0.0469990915
   0.0885000000   0.0250551182   0.0471847801
   0.0890000000   0.0252952911   0.0473694591
   0.0895000000   0.0255360309   0.0475531301
   0.0900000000   0.0257773294   0.0477357952
   0.0905000000   0.0260191787   0.0479174562
   0.0910000000   0.0262615707   0.0480981149
   0.0915000000   0.0265044976   0.0482777734
   0.0920000000   0.0267479514   0.0484564336
   0.0925000000   0.0269919242   0.0486340977
   0.0930000000   0.0272364083   0.0488107675
   0.0935000000   0.0274813958   0.0489864453
   0.0940000000   0.0277268790   0.0491611330
   0.0945000000   0.0279728503   0.0493348330
   0.0950000000   0.0282193020   0.0495075473
   0.0955000000   0.0284662264   0.0496792782
   0.0960000000   0.0287136161   0.0498500279
   0.0965000000   0.0289614635   0.0500197987
   0.0970000000   0.0292097611   0.0501885929
   0.0975000000   0.0294585015   0.0503564128
   0.0980000000   0.0297076773   0.0505232607
   0.0985000000   0.0299572812   0.0506891390
   0.0990000000   0.0302073059   0.0508540503
   0.0995000000   0.0304577441   0.0510179969
   0.1000000000   0.0307085888   0.0511809813
   0.1005000000   0.0309397053   0.0513096274
   0.1010000000   0.0311910748   0.0514704205
   0.1015000000   0.0314428301   0.0516302630
   0.1020000000   0.0316949643   0.0517891574
   0.1025000000   0.0319474705   0.0519471065
   0.1030000000   0.0322003419   0.0521041131
   0.1035000000   0.0324535718   0.0522601800
   0.1040000000   0.0327071534   0.0524153099
   0.1045000000   0.0329610801   0.0525695057
   0.1050000000   0.0332153453   0.0527227702
   0.1055000000   0.0334699424   0.0528751065
   0.1060000000   0.0337248651   0.0530265175
   0.1065000000   0.0339801069   0.0531770061
   0.1070000000   0.0342356614   0.0533265754
   0.1075000000   0.0344915224   0.0534752285
   0.1080000000   0.0347476835   0.0536229684
   0.1085000000   0.0350041387   0.0537697983
   0.1090000000   0.0352608818   0.0539157213
   0.1095000000   0.0355179067   0.0540607408
   0.1100000000   0.0357752075   0.0542048598
   0.1105000000   0.0360327782   0.0543480818
   0.1110000000   0.0362906130   0.0544904099
   0.1115000000   0.0365487060   0.0546318476
   0.1120000000   0.0368070515   0.0547723981
   0.1125000000   0.0370656437   0.0549120648
   0.1130000000   0.0373244770   0.0550508511
   0.1135000000   0.0375835459   0.0551887604
   0.1140000000   0.0378428446   0.0553257962
   0.1145000000   0.0381023678   0.0554619619
   0.1150000000   0.0383621100   0.0555972609
   0.1155000000   0.0386220659   0.0557316968
   0.1160000000   0.0388822299   0.0558652729
   0.1165000000   0.0391425970   0.0559979928
   0.1170000000   0.0394031618   0.0561298601
   0.1175000000   0.0396639191   0.0562608782
   0.1180000000   0.0399248639   0.0563910507
   0.1185000000   0.0401859910   0.0565203811
   0.1190000000   0.0404472953   0.0566488729
   0.1195000000   0.0407087718   0.0567765297
   0.1200000000   0.0409704157   0.0569033551
   0.1205000000   0.0412322219   0.0570293526
   0.1210000000   0.0414941857   0.0571545257
   0.1215000000   0.0417563022   0.0572788781
   0.1220000000   0.0420185666   0.0574024134
   0.1225000000   0.0422809742   0.0575251350
   0.1230000000   0.0425435204   0.0576470467
   0.1235000000   0.0428062006   0.0577681519
   0.1240000000   0.0430690101   0.0578884544
   0.1245000000   0.0433319444   0.0580079577
   0.1250000000   0.0435949991   0.0581266654
   0.1255000000   0.0438350129   0.0582138285
   0.1260000000   0.0440979549   0.0583306281
   0.1265000000   0.0443610044   0.0584466461
   0.1270000000   0.0446241572   0.0585618861
   0.1275000000   0.0448874092   0.0586763519
   0.1280000000   0.0451507563   0.0587900472
   0.1285000000   0.0454141944   0.0589029758
   0.1290000000   0.0456777194   0.0590151414
   0.1295000000   0.0459413275   0.0591265477
   0.1300000000   0.0462050147   0.0592371984
   0.1305000000   0.0464687772   0.0593470973
   0.1310000000   0.0467326111   0.0594562482
   0.1315000000   0.0469965126   0.0595646548
   0.1320000000   0.0472604781   0.0596723208
   0.1325000000   0.0475245039   0.0597792502
   0.1330000000   0.0477885863   0.0598854465
   0.1335000000   0.0480527219   0.0599909137
   0.1340000000   0.0483169071   0.0600956555
   0.1345000000   0.0485811384   0.0601996758
   0.1350000000   0.0488454124   0.0603029782
   0.1355000000   0.0491097257   0.0604055667
   0.1360000000   0.0493740751   0.0605074450
   0.1365000000   0.0496384573   0.0606086169
   0.1370000000   0.0499028689   0.0607090863
   0.1375000000   0.0501673069   0.0608088568
   0.1380000000   0.0504317680   0.0609079323
   0.1385000000   0.0506962491   0.0610063166
   0.1390000000   0.0509607472   0.0611040135
   0.1395000000   0.0512252593   0.0612010266
   0.1400000000   0.0514897822   0.0612973598
   0.1405000000   0.0517543132   0.0613930168
   0.1410000000   0.0520188492   0.0614880014
   0.1415000000   0.0522833874   0.0615823173
   0.1420000000   0.0525479249   0.0616759682
   0.1425000000   0.0528124589   0.0617689578
   0.1430000000   0.0530769867   0.0618612898
   0.1435000000   0.0533415055   0.0619529680
   0.1440000000   0.0536060125   0.0620439960
   0.1445000000   0.0538705052   0.0621343774
   0.1450000000   0.0541349808   0.0622241159
   0.1455000000   0.0543994369   0.0623132152
   0.1460000000   0.0546638708   0.0624016789
   0.1465000000   0.0549282799   0.0624895107
   0.1470000000   0.0551926618   0.0625767141
   0.1475000000   0.0554570141   0.0626632927
   0.1480000000   0.0557213342   0.0627492502
   0.1485000000   0.0559856198   0.0628345901
   0.1490000000   0.0562498686   0.0629193161
   0.1495000000   0.0565140782   0.0630034317
   0.1500000000   0.0567782464   0.0630869405
   0.1505000000   0.0570117887   0.0631359786
   0.1510000000   0.0572754812   0.0632179704
   0.1515000000   0.0575391256   0.0632993681
   0.1520000000   0.0578027198   0.0633801752
   0.1525000000   0.0580662617   0.0634603953
   0.1530000000   0.0583297495   0.0635400321
   0.1535000000   0.0585931810   0.0636190890
   0.1540000000   0.0588565545   0.0636975698
   0.1545000000   0.0591198679   0.0637754778
   0.1550000000   0.0593831196   0.0638528168
   0.1555000000   0.0596463077   0.0639295902
   0.1560000000   0.0599094303   0.0640058016
   0.1565000000   0.0601724859   0.0640814546
   0.1570000000   0.0604354726   0.0641565527
   0.1575000000   0.0606983889   0.0642310993
   0.1580000000   0.0609612330   0.0643050981
   0.1585000000   0.0612240035   0.0643785526
   0.1590000000   0.0614866988   0.0644514662
   0.1595000000   0.0617493172   0.0645238425
   0.1600000000   0.0620118575   0.0645956849
   0.1605000000   0.0622743181   0.0646669970
   0.1610000000   0.0625366975   0.0647377821
   0.1615000000   0.0627989944   0.0648080438
   0.1620000000   0.0630612074   0.0648777854
   0.1625000000   0.0633233352   0.0649470105
   0.1630000000   0.0635853764   0.0650157223
   0.1635000000   0.0638473297   0.0650839243
   0.1640000000   0.0641091939   0.0651516198
   0.1645000000   0.0643709676   0.0652188122
   0.1650000000   0.0646326497   0.0652855047
   0.1655000000   0.0648942389   0.0653517008
   0.1660000000   0.0651557340   0.0654174036
   0.1665000000   0.0654171338   0.0654826164
   0.1670000000   0.0656784372   0.0655473425
   0.1675000000   0.0659396430   0.0656115851
   0.1680000000   0.0662007501   0.0656753473
   0.1685000000   0.0664617574   0.0657386324
   0.1690000000   0.0667226637   0.0658014435
   0.1695000000   0.0669834680   0.0658637837
   0.1700000000   0.0672441692   0.0659256561
   0.1705000000   0.0675047662   0.0659870637
   0.1710000000   0.0677652580   0.0660480097
   0.1715000000   0.0680256435   0.0661084971
   0.1720000000   0.0682859217   0.0661685288
   0.1725000000   0.0685460917   0.0662281079
   0.1730000000   0.0688061524   0.0662872374
   0.1735000000   0.0690661029   0.0663459202
   0.1740000000   0.0693259422   0.0664041592
   0.1745000000   0.0695856694   0.0664619574
   0.1750000000   0.0698452836   0.0665193177
   0.1755000000   0.0700671837   0.0665405354
   0.1760000000   0.0703261774   0.0665967589
   0.1765000000   0.0705850547   0.0666525540
   0.1770000000   0.0708438147   0.0667079235
   0.1775000000   0.0711024568   0.0667628703
   0.1780000000   0.0713609802   0.0668173972
   0.1785000000   0.0716193842   0.0668715072
   0.1790000000   0.0718776681   0.0669252031
   0.1795000000   0.0721358312   0.0669784876
   0.1800000000   0.0723938728   0.0670313637
   0.1805000000   0.0726517923   0.0670838341
   0.1810000000   0.0729095891   0.0671359016
   0.1815000000   0.0731672627   0.0671875690
   0.1820000000   0.0734248123   0.0672388391
   0.1825000000   0.0736822375   0.0672897147
   0.1830000000   0.0739395378   0.0673401984
   0.1835000000   0.0741967127   0.0673902931
   0.1840000000   0.0744537616   0.0674400015
   0.1845000000   0.0747106842   0.0674893263
   0.1850000000   0.0749674799   0.0675382702
   0.1855000000   0.0752241485   0.0675868360
   0.1860000000   0.0754806895   0.0676350264
   0.1865000000   0.0757371025   0.0676828441
   0.1870000000   0.0759933872   0.0677302916
   0.1875000000   0.0762495432   0.0677773717
   0.1880000000   0.0765055701   0.0678240870
   0.1885000000   0.0767614678   0.0678704402
   0.1890000000   0.0770172359   0.0679164338
   0.1895000000   0.0772728741   0.0679620704
   0.1900000000   0.0775283821   0.0680073527
   0.1905000000   0.0777837597   0.0680522832
   0.1910000000   0.0780390066   0.0680968644
   0.1915000000   0.0782941226   0.0681410989
   0.1920000000   0.0785491075   0.0681849892
   0.1925000000   0.0788039611   0.0682285378
   0.1930000000   0.0790586832   0.0682717471
   0.1935000000   0.0793132735   0.0683146198
   0.1940000000   0.0795677320   0.0683571581
   0.1945000000   0.0798220584   0.0683993645
   0.1950000000   0.0800762525   0.0684412414
   0.1955000000   0.0803303142   0.0684827913
   0.1960000000   0.0805842434   0.0685240165
   0.1965000000   0.0808380399   0.0685649193
   0.1970000000   0.0810917036   0.0686055022
   0.1975000000   0.0813452343   0.0686457674
   0.1980000000   0.0815986320   0.0686857172
   0.1985000000   0.0818518966   0.0687253540
   0.1990000000   0.0821050280   0.0687646801
   0.1995000000   0.0823580261   0.0688036977
   0.2000000000   0.0826108910   0.0688424091
   0.2005000000   0.0828255223   0.0688491457
   0.2010000000   0.0830777529   0.0688870257
   0.2015000000   0.0833298485   0.0689246059
   0.2020000000   0.0835818090   0.0689618886
   0.2025000000   0.0838336344   0.0689988761
   0.2030000000   0.0840853250   0.0690355706
   0.2035000000   0.0843368806   0.0690719743
   0.2040000000   0.0845883014   0.0691080894
   0.2045000000   0.0848395875   0.0691439181
   0.2050000000   0.0850907391   0.0691794627
   0.2055000000   0.0853417562   0.0692147252
   0.2060000000   0.0855926389   0.0692497079
   0.2065000000   0.0858433875   0.0692844128
   0.2070000000   0.0860940020   0.0693188422
   0.2075000000   0.0863444828   0.0693529982
   0.2080000000   0.0865948298   0.0693868829
   0.2085000000   0.0868450433   0.0694204983
   0.2090000000   0.0870951236   0.0694538466
   0.2095000000   0.0873450708   0.0694869298
   0.2100000000   0.0875948851   0.0695197501
   0.2105000000   0.0878445668   0.0695523094
   0.2110000000   0.0880941161   0.0695846099
   0.2115000000   0.0883435332   0.0696166534
   0.2120000000   0.0885928183   0.0696484421
   0.2125000000   0.0888419717   0.0696799778
   0.2130000000   0.0890909936   0.0697112626
   0.2135000000   0.0893398841   0.0697422983
   0.2140000000   0.0895886436   0.0697730869
   0.2145000000   0.0898372722   0.0698036303
   0.2150000000   0.0900857701   0.0698339303
   0.2155000000   0.0903341376   0.0698639889
   0.2160000000   0.0905823748   0.0698938077
   0.2165000000   0.0908304819   0.0699233887
   0.2170000000   0.0910784591   0.0699527336
   0.2175000000   0.0913263066   0.0699818442
   0.2180000000   0.0915740247   0.0700107222
   0.2185000000   0.0918216133   0.0700393694
   0.2190000000   0.0920690728   0.0700677875
   0.2195000000   0.0923164033   0.0700959782
   0.2200000000   0.0925636048   0.0701239430
   0.2205000000   0.0928106776   0.0701516838
   0.2210000000   0.0930576218   0.0701792020
   0.2215000000   0.0933044376   0.0702064993
   0.2220000000   0.0935511250   0.0702335773
   0.2225000000   0.0937976842   0.0702604376
   0.2230000000   0.0940441153   0.0702870817
   0.2235000000   0.0942904185   0.0703135112
   0.2240000000   0.0945365939   0.0703397276
   0.2245000000   0.0947826417   0.0703657325
   0.2250000000   0.0950285620   0.0703915274
   0.2255000000   0.0952428388   0.0703938203
   0.2260000000   0.0954881515   0.0704189908
   0.2265000000   0.0957333346   0.0704439548
   0.2270000000   0.0959783885   0.0704687140
   0.2275000000   0.0962233133   0.0704932698
   0.2280000000   0.0964681093   0.0705176238
   0.2285000000   0.0967127767   0.0705417773
   0.2290000000   0.0969573157   0.0705657320
   0.2295000000   0.0972017266   0.0705894892
   0.2300000000   0.0974460097   0.0706130505
   0.2305000000   0.0976901651   0.0706364173
   0.2310000000   0.0979341932   0.0706595911
   0.2315000000   0.0981780944   0.0706825733
   0.2320000000   0.0984218687   0.0707053655
   0.2325000000   0.0986655167   0.0707279690
   0.2330000000   0.0989090385   0.0707503852
   0.2335000000   0.0991524346   0.0707726157
   0.2340000000   0.0993957051   0.0707946618
   0.2345000000   0.0996388505   0.0708165249
   0.2350000000   0.0998818712   0.0708382065
   0.2355000000   0.1001247674   0.0708597080
   0.2360000000   0.1003675394   0.0708810307
   0.2365000000   0.1006101878   0.0709021760
   0.2370000000   0.1008527127   0.0709231453
   0.2375000000   0.1010951145   0.0709439400
   0.2380000000   0.1013373936   0.0709645613
   0.2385000000   0.1015795503   0.0709850107
   0.2390000000   0.1018215849   0.0710052893
   0.2395000000   0.1020634977   0.0710253986
   0.2400000000   0.1023052891   0.0710453397
   0.2405000000   0.1025469594   0.0710651139
   0.2410000000   0.1027885088   0.0710847226
   0.2415000000   0.1030299377   0.0711041668
   0.2420000000   0.1032712463   0.0711234479
   0.2425000000   0.1035124350   0.0711425670
   0.2430000000   0.1037535039   0.0711615253
   0.2435000000   0.1039944534   0.0711803240
   0.2440000000   0.1042352836   0.0711989642
   0.2445000000   0.1044759949   0.0712174471
   0.2450000000   0.1047165874   0.0712357737
   0.2455000000   0.1049570614   0.0712539453
   0.2460000000   0.1051974170   0.0712719628
   0.2465000000   0.1054376545   0.0712898273
   0.2470000000   0.1056777741   0.0713075399
   0.2475000000   0.1059177760   0.0713251017
   0.2480000000   0.1061576603   0.0713425136
   0.2485000000   0.1063974272   0.0713597768
   0.2490000000   0.1066370770   0.0713768922
   0.2495000000   0.1068766098   0.0713938610
   0.2500000000   0.1071160259   0.0714106840
   0.2505000000   0.1073452490   0.0714206580
   0.2510000000   0.1075840649   0.0714369621
   0.2515000000   0.1078227616   0.0714531224
   0.2520000000   0.1080613396   0.0714691400
   0.2525000000   0.1082997990   0.0714850158
   0.2530000000   0.1085381401   0.0715007511
   0.2535000000   0.1087763632   0.0715163466
   0.2540000000   0.1090144685   0.0715318035
   0.2545000000   0.1092524563   0.0715471226
   0.2550000000   0.1094903268   0.0715623051
   0.2555000000   0.1097280804   0.0715773519
   0.2560000000   0.1099657174   0.0715922639
   0.2565000000   0.1102032380   0.0716070422
   0.2570000000   0.1104406426   0.0716216878
   0.2575000000   0.1106779315   0.0716362016
   0.2580000000   0.1109151050   0.0716505846
   0.2585000000   0.1111521633   0.0716648377
   0.2590000000   0.1113891070   0.0716789620
   0.2595000000   0.1116259362   0.0716929583
   0.2600000000   0.1118626513   0.0717068277
   0.2605000000   0.1120992527   0.0717205711
   0.2610000000   0.1123357406   0.0717341894
   0.2615000000   0.1125721155   0.0717476836
   0.2620000000   0.1128083776   0.0717610545
   0.2625000000   0.1130445273   0.0717743031
   0.2630000000   0.1132805649   0.0717874302
   0.2635000000   0.1135164906   0.0718004368
   0.2640000000   0.1137523048   0.0718133237
   0.2645000000   0.1139880078   0.0718260919
   0.2650000000   0.1142235998   0.0718387420
   0.2655000000   0.1144590810   0.0718512750
   0.2660000000   0.1146944519   0.0718636916
   0.2665000000   0.1149297125   0.0718759928
   0.2670000000   0.1151648631   0.0718881792
   0.2675000000   0.1153999039   0.0719002516
   0.2680000000   0.1156348352   0.0719122109
   0.2685000000   0.1158696570   0.0719240578
   0.2690000000   0.1161043697   0.0719357929
   0.2695000000   0.1163389733   0.0719474170
   0.2700000000   0.1165734679   0.0719589308
   0.2705000000   0.1168078538   0.0719703351
   0.2710000000   0.1170421310   0.0719816304
   0.2715000000   0.1172762996   0.0719928175
   0.2720000000   0.1175103598   0.0720038969
   0.2725000000   0.1177443116   0.0720148695
   0.2730000000   0.1179781550   0.0720257357
   0.2735000000   0.1182118903   0.0720364962
   0.2740000000   0.1184455175   0.0720471517
   0.2745000000   0.1186790366   0.0720577029
   0.2750000000   0.1189124478   0.0720681502
   0.2755000000   0.1191708975   0.0720937069
   0.2760000000   0.1194037027   0.0721036852
   0.2765000000   0.1196363972   0.0721135607
   0.2770000000   0.1198689810   0.0721233339
   0.2775000000   0.1201014543   0.0721330056
   0.2780000000   0.1203338174   0.0721425764
   0.2785000000   0.1205660703   0.0721520468
   0.2790000000   0.1207982131   0.0721614176
   0.2795000000   0.1210302462   0.0721706895
   0.2800000000   0.1212621697   0.0721798629
   0.2805000000   0.1214939837   0.0721889386
   0.2810000000   0.1217256884   0.0721979172
   0.2815000000   0.1219572842   0.0722067994
   0.2820000000   0.1221887712   0.0722155858
   0.2825000000   0.1224201497   0.0722242771
   0.2830000000   0.1226514198   0.0722328739
   0.2835000000   0.1228825820   0.0722413768
   0.2840000000   0.1231136363   0.0722497866
   0.2845000000   0.1233445832   0.0722581038
   0.2850000000   0.1235754229   0.0722663292
   0.2855000000   0.1238061556   0.0722744633
   0.2860000000   0.1240367818   0.0722825069
   0.2865000000   0.1242673016   0.0722904605
   0.2870000000   0.1244977155   0.0722983249
   0.2875000000   0.1247280235   0.0723061006
   0.2880000000   0.1249582262   0.0723137883
   0.2885000000   0.1251883236   0.0723213886
   0.2890000000   0.1254183163   0.0723289021
   0.2895000000   0.1256482043   0.0723363295
   0.2900000000   0.1258779880   0.0723436713
   0.2905000000   0.1261076677   0.0723509281
   0.2910000000   0.1263372437   0.0723581006
   0.2915000000   0.1265667160   0.0723651893
   0.2920000000   0.1267960852   0.0723721947
   0.2925000000   0.1270253513   0.0723791175
   0.2930000000   0.1272545146   0.0723859582
   0.2935000000   0.1274835753   0.0723927174
   0.2940000000   0.1277125336   0.0723993955
   0.2945000000   0.1279413898   0.0724059931
   0.2950000000   0.1281701439   0.0724125107
   0.2955000000   0.1283987963   0.0724189488
   0.2960000000   0.1286273469   0.0724253080
   0.2965000000   0.1288557961   0.0724315886
   0.2970000000   0.1290841440   0.0724377912
   0.2975000000   0.1293123906   0.0724439163
   0.2980000000   0.1295405362   0.0724499643
   0.2985000000   0.1297685810   0.0724559358
   0.2990000000   0.1299965250   0.0724618311
   0.2995000000   0.1302243685   0.0724676508
   0.3000000000   0.1304521116   0.0724733953
   0.3005000000   0.1307478210   0.0725168170
   0.3010000000   0.1309749689   0.0725221311
   0.3015000000   0.1312020138   0.0725273708
   0.3020000000   0.1314289560   0.0725325364
   0.3025000000   0.1316557959   0.0725376286
   0.3030000000   0.1318825335   0.0725426477
   0.3035000000   0.1321091693   0.0725475943
   0.3040000000   0.1323357034   0.0725524690
   0.3045000000   0.1325621362   0.0725572722
   0.3050000000   0.1327884680   0.0725620044
   0.3055000000   0.1330146991   0.0725666662
   0.3060000000   0.1332408298   0.0725712581
   0.3065000000   0.1334668605   0.0725757806
   0.3070000000   0.1336927916   0.0725802343
   0.3075000000   0.1339186234   0.0725846197
   0.3080000000   0.1341443563   0.0725889374
   0.3085000000   0.1343699907   0.0725931878
   0.3090000000   0.1345955270   0.0725973716
   0.3095000000   0.1348209657   0.0726014893
   0.3100000000   0.1350463071   0.0726055415
   0.3105000000   0.1352715518   0.0726095286
   0.3110000000   0.1354967002   0.0726134513
   0.3115000000   0.1357217527   0.0726173102
   0.3120000000   0.1359467098   0.0726211057
   0.3125000000   0.1361715719   0.0726248384
   0.3130000000   0.1363963395   0.0726285088
   0.3135000000   0.1366210130   0.0726321175
   0.3140000000   0.1368455929   0.0726356650
   0.3145000000   0.1370700797   0.0726391519
   0.3150000000   0.1372944737   0.0726425787
   0.3155000000   0.1375187754   0.0726459458
   0.3160000000   0.1377429852   0.0726492538
   0.3165000000   0.1379671035   0.0726525032
   0.3170000000   0.1381911308   0.0726556944
   0.3175000000   0.1384150674   0.0726588280
   0.3180000000   0.1386389137   0.0726619044
   0.3185000000   0.1388626701   0.0726649242
   0.3190000000   0.1390863369   0.0726678876
   0.3195000000   0.1393099145   0.0726707952
   0.3200000000   0.1395334032   0.0726736475
   0.3205000000   0.1397568033   0.0726764448
   0.3210000000   0.1399801151   0.0726791875
   0.3215000000   0.1402033389   0.0726818761
   0.3220000000   0.1404264751   0.0726845109
   0.3225000000   0.1406495237   0.0726870924
   0.3230000000   0.1408724853   0.0726896209
   0.3235000000   0.1410953599   0.0726920968
   0.3240000000   0.1413181478   0.0726945205
   0.3245000000   0.1415408495   0.0726968924
   0.3250000000   0.1417634650   0.0726992128
   0.3255000000   0.1420942650   0.0727569201
   0.3260000000   0.1423163333   0.0727588616
   0.3265000000   0.1425383138   0.0727607523
   0.3270000000   0.1427602067   0.0727625926
   0.3275000000   0.1429820124   0.0727643829
   0.3280000000   0.1432037313   0.0727661236
   0.3285000000   0.1434253636   0.0727678151
   0.3290000000   0.1436469097   0.0727694578
   0.3295000000   0.1438683700   0.0727710521
   0.3300000000   0.1440897448   0.0727725984
   0.3305000000   0.1443110345   0.0727740971
   0.3310000000   0.1445322394   0.0727755485
   0.3315000000   0.1447533599   0.0727769532
   0.3320000000   0.1449743964   0.0727783115
   0.3325000000   0.1451953493   0.0727796237
   0.3330000000   0.1454162190   0.0727808904
   0.3335000000   0.1456370059   0.0727821119
   0.3340000000   0.1458577103   0.0727832886
   0.3345000000   0.1460783327   0.0727844209
   0.3350000000   0.1462988735   0.0727855092
   0.3355000000   0.1465193331   0.0727865539
   0.3360000000   0.1467397119   0.0727875555
   0.3365000000   0.1469600103   0.0727885142
   0.3370000000   0.1471802286   0.0727894306
   0.3375000000   0.1474003674   0.0727903049
   0.3380000000   0.1476204268   0.0727911375
   0.3385000000   0.1478404074   0.0727919288
   0.3390000000   0.1480603093   0.0727926791
   0.3395000000   0.1482801331   0.0727933889
   0.3400000000   0.1484998790   0.0727940583
   0.3405000000   0.1487195473   0.0727946879
   0.3410000000   0.1489391383   0.0727952777
   0.3415000000   0.1491586522   0.0727958283
   0.3420000000   0.1493780894   0.0727963398
   0.3425000000   0.1495974500   0.0727968126
   0.3430000000   0.1498167342   0.0727972470
   0.3435000000   0.1500359424   0.0727976431
   0.3440000000   0.1502550745   0.0727980012
   0.3445000000   0.1504741308   0.0727983216
   0.3450000000   0.1506931114   0.0727986046
   0.3455000000   0.1509120164   0.0727988502
   0.3460000000   0.1511308459   0.0727990587
   0.3465000000   0.1513496000   0.0727992304
   0.3470000000   0.1515682786   0.0727993653
   0.3475000000   0.1517868819   0.0727994637
   0.3480000000   0.1520054099   0.0727995258
   0.3485000000   0.1522238625   0.0727995517
   0.3490000000   0.1524422399   0.0727995415
   0.3495000000   0.1526605421   0.0727994955
   0.3500000000   0.1528787690   0.0727994138
   0.3505000000   0.1532273025   0.0728612946
   0.3510000000   0.1534450317   0.0728608887
   0.3515000000   0.1536626840   0.0728604476
   0.3520000000   0.1538802595   0.0728599714
   0.3525000000   0.1540977584   0.0728594602
   0.3530000000   0.1543151807   0.0728589144
   0.3535000000   0.1545325265   0.0728583340
   0.3540000000   0.1547497960   0.0728577194
   0.3545000000   0.1549669893   0.0728570707
   0.3550000000   0.1551841065   0.0728563880
   0.3555000000   0.1554011478   0.0728556717
   0.3560000000   0.1556181134   0.0728549220
   0.3565000000   0.1558350033   0.0728541390
   0.3570000000   0.1560518178   0.0728533230
   0.3575000000   0.1562685572   0.0728524742
   0.3580000000   0.1564852215   0.0728515929
   0.3585000000   0.1567018110   0.0728506792
   0.3590000000   0.1569183259   0.0728497335
   0.3595000000   0.1571347664   0.0728487559
   0.3600000000   0.1573511329   0.0728477467
   0.3605000000   0.1575674256   0.0728467062
   0.3610000000   0.1577836446   0.0728456346
   0.3615000000   0.1579997903   0.0728445322
   0.3620000000   0.1582158628   0.0728433991
   0.3625000000   0.1584318625   0.0728422356
   0.3630000000   0.1586477895   0.0728410420
   0.3635000000   0.1588636441   0.0728398185
   0.3640000000   0.1590794265   0.0728385653
   0.3645000000   0.1592951370   0.0728372826
   0.3650000000   0.1595107757   0.0728359706
   0.3655000000   0.1597263428   0.0728346296
   0.3660000000   0.1599418385   0.0728332598
   0.3665000000   0.1601572630   0.0728318613
   0.3670000000   0.1603726165   0.0728304344
   0.3675000000   0.1605878990   0.0728289791
   0.3680000000   0.1608031107   0.0728274958
   0.3685000000   0.1610182517   0.0728259845
   0.3690000000   0.1612333221   0.0728244454
   0.3695000000   0.1614483219   0.0728228786
   0.3700000000   0.1616632513   0.0728212843
   0.3705000000   0.1618781101   0.0728196627
   0.3710000000   0.1620928985   0.0728180137
   0.3715000000   0.1623076164   0.0728163375
   0.3720000000   0.1625222638   0.0728146343
   0.3725000000   0.1627368407   0.0728129041
   0.3730000000   0.1629513471   0.0728111471
   0.3735000000   0.1631657830   0.0728093632
   0.3740000000   0.1633801482   0.0728075527
   0.3745000000   0.1635944429   0.0728057156
   0.3750000000   0.1638086669   0.0728038519
   0.3755000000   0.1641579754   0.0728619509
   0.3760000000   0.1643717531   0.0728598196
   0.3765000000   0.1645854592   0.0728576623
   0.3770000000   0.1647990940   0.0728554792
   0.3775000000   0.1650126575   0.0728532704
   0.3780000000   0.1652261497   0.0728510360
   0.3785000000   0.1654395708   0.0728487762
   0.3790000000   0.1656529210   0.0728464912
   0.3795000000   0.1658662003   0.0728441811
   0.3800000000   0.1660794088   0.0728418460
   0.3805000000   0.1662925468   0.0728394861
   0.3810000000   0.1665056143   0.0728371016
   0.3815000000   0.1667186116   0.0728346927
   0.3820000000   0.1669315389   0.0728322595
   0.3825000000   0.1671443964   0.0728298023
   0.3830000000   0.1673571843   0.0728273213
   0.3835000000   0.1675699028   0.0728248165
   0.3840000000   0.1677825524   0.0728222883
   0.3845000000   0.1679951331   0.0728197369
   0.3850000000   0.1682076454   0.0728171625
   0.3855000000   0.1684200895   0.0728145653
   0.3860000000   0.1686324657   0.0728119455
   0.3865000000   0.1688447744   0.0728093033
   0.3870000000   0.1690570159   0.0728066391
   0.3875000000   0.1692691905   0.0728039529
   0.3880000000   0.1694812985   0.0728012451
   0.3885000000   0.1696933403   0.0727985158
   0.3890000000   0.1699053162   0.0727957653
   0.3895000000   0.1701172266   0.0727929938
   0.3900000000   0.1703290718   0.0727902016
   0.3905000000   0.1705408521   0.0727873888
   0.3910000000   0.1707525678   0.0727845557
   0.3915000000   0.1709642193   0.0727817025
   0.3920000000   0.1711758069   0.0727788295
   0.3925000000   0.1713873309   0.0727759367
   0.3930000000   0.1715987916   0.0727730244
   0.3935000000   0.1718101894   0.0727700929
   0.3940000000   0.1720215244   0.0727671423
   0.3945000000   0.1722327971   0.0727641728
   0.3950000000   0.1724440075   0.0727611846
   0.3955000000   0.1726551561   0.0727581779
   0.3960000000   0.1728662431   0.0727551528
   0.3965000000   0.1730772686   0.0727521096
   0.3970000000   0.1732882331   0.0727490483
   0.3975000000   0.1734991366   0.0727459692
   0.3980000000   0.1737099795   0.0727428725
   0.3985000000   0.1739207620   0.0727397583
   0.3990000000   0.1741314844   0.0727366267
   0.3995000000   0.1743421469   0.0727334781
   0.4000000000   0.1745527499   0.0727303124
   0.4005000000   0.1748972975   0.0727828953
   0.4010000000   0.1751075384   0.0727795255
   0.4015000000   0.1753177207   0.0727761398
   0.4020000000   0.1755278450   0.0727727384
   0.4025000000   0.1757379117   0.0727693216
   0.4030000000   0.1759479211   0.0727658896
   0.4035000000   0.1761578738   0.0727624427
   0.4040000000   0.1763677703   0.0727589811
   0.4045000000   0.1765776109   0.0727555051
   0.4050000000   0.1767873961   0.0727520149
   0.4055000000   0.1769971264   0.0727485107
   0.4060000000   0.1772068023   0.0727449928
   0.4065000000   0.1774164244   0.0727414614
   0.4070000000   0.1776259931   0.0727379169
   0.4075000000   0.1778355088   0.0727343594
   0.4080000000   0.1780449723   0.0727307893
   0.4085000000   0.1782543838   0.0727272068
   0.4090000000   0.1784637440   0.0727236121
   0.4095000000   0.1786730535   0.0727200055
   0.4100000000   0.1788823126   0.0727163872
   0.4105000000   0.1790915220   0.0727127576
   0.4110000000   0.1793006822   0.0727091169
   0.4115000000   0.1795097935   0.0727054652
   0.4120000000   0.1797188567   0.0727018029
   0.4125000000   0.1799278720   0.0726981301
   0.4130000000   0.1801368400   0.0726944471
   0.4135000000   0.1803457612   0.0726907542
   0.4140000000   0.1805546359   0.0726870515
   0.4145000000   0.1807634647   0.0726833392
   0.4150000000   0.1809722479   0.0726796176
   0.4155000000   0.1811809859   0.0726758868
   0.4160000000   0.1813896792   0.0726721471
   0.4165000000   0.1815983281   0.0726683986
   0.4170000000   0.1818069330   0.0726646415
   0.4175000000   0.1820154942   0.0726608759
   0.4180000000   0.1822240121   0.0726571021
   0.4185000000   0.1824324870   0.0726533202
   0.4190000000   0.1826409192   0.0726495303
   0.4195000000   0.1828493090   0.0726457326
   0.4200000000   0.1830576566   0.0726419272
   0.4205000000   0.1832659624   0.0726381143
   0.4210000000   0.1834742267   0.0726342940
   0.4215000000   0.1836824496   0.0726304664
   0.4220000000   0.1838906314   0.0726266317
   0.4225000000   0.1840987725   0.0726227899
   0.4230000000   0.1843068729   0.0726189413
   0.4235000000   0.1845149331   0.0726150858
   0.4240000000   0.1847229532   0.0726112237
   0.4245000000   0.1849309336   0.0726073551
   0.4250000000   0.1851388744   0.0726034802
   0.4255000000   0.1854758176   0.0726501440
   0.4260000000   0.1856835151   0.0726461327
   0.4265000000   0.1858911753   0.0726421162
   0.4270000000   0.1860987985   0.0726380946
   0.4275000000   0.1863063852   0.0726340683
   0.4280000000   0.1865139360   0.0726300374
   0.4285000000   0.1867214511   0.0726260020
   0.4290000000   0.1869289312   0.0726219624
   0.4295000000   0.1871363766   0.0726179187
   0.4300000000   0.1873437878   0.0726138712
   0.4305000000   0.1875511652   0.0726098201
   0.4310000000   0.1877585095   0.0726057654
   0.4315000000   0.1879658209   0.0726017076
   0.4320000000   0.1881731001   0.0725976467
   0.4325000000   0.1883803475   0.0725935829
   0.4330000000   0.1885875636   0.0725895164
   0.4335000000   0.1887947489   0.0725854475
   0.4340000000   0.1890019037   0.0725813762
   0.4345000000   0.1892090287   0.0725773029
   0.4350000000   0.1894161243   0.0725732277
   0.4355000000   0.1896231909   0.0725691507
   0.4360000000   0.1898302290   0.0725650722
   0.4365000000   0.1900372389   0.0725609923
   0.4370000000   0.1902442211   0.0725569112
   0.4375000000   0.1904511760   0.0725528290
   0.4380000000   0.1906581039   0.0725487458
   0.4385000000   0.1908650052   0.0725446618
   0.4390000000   0.1910718802   0.0725405772
   0.4395000000   0.1912787292   0.0725364919
   0.4400000000   0.1914855525   0.0725324063
   0.4405000000   0.1916923504   0.0725283202
   0.4410000000   0.1918991231   0.0725242340
   0.4415000000   0.1921058708   0.0725201475
   0.4420000000   0.1923125937   0.0725160610
   0.4425000000   0.1925192920   0.0725119744
   0.4430000000   0.1927259659   0.0725078878
   0.4435000000   0.1929326155   0.0725038014
   0.4440000000   0.1931392409   0.0724997150
   0.4445000000   0.1933458421   0.0724956289
   0.4450000000   0.1935524194   0.0724915428
   0.4455000000   0.1937589727   0.0724874570
   0.4460000000   0.1939655021   0.0724833715
   0.4465000000   0.1941720076   0.0724792862
   0.4470000000   0.1943784893   0.0724752011
   0.4475000000   0.1945849471   0.0724711163
   0.4480000000   0.1947913812   0.0724670317
   0.4485000000   0.1949977914   0.0724629474
   0.4490000000   0.1952041779   0.0724588634
   0.4495000000   0.1954105406   0.0724547796
   0.4500000000   0.1956168796   0.0724506962
   0.4505000000   0.1959532848   0.0724947410
   0.4510000000   0.1961594882   0.0724905721
   0.4515000000   0.1963656703   0.0724864047
   0.4520000000   0.1965718313   0.0724822387
   0.4525000000   0.1967779713   0.0724780741
   0.4530000000   0.1969840906   0.0724739112
   0.4535000000   0.1971901893   0.0724697498
   0.4540000000   0.1973962678   0.0724655902
   0.4545000000   0.1976023262   0.0724614324
   0.4550000000   0.1978083647   0.0724572764
   0.4555000000   0.1980143836   0.0724531224
   0.4560000000   0.1982203831   0.0724489704
   0.4565000000   0.1984263634   0.0724448205
   0.4570000000   0.1986323249   0.0724406728
   0.4575000000   0.1988382678   0.0724365274
   0.4580000000   0.1990441923   0.0724323844
   0.4585000000   0.1992500987   0.0724282438
   0.4590000000   0.1994559873   0.0724241058
   0.4595000000   0.1996618583   0.0724199704
   0.4600000000   0.1998677120   0.0724158377
   0.4605000000   0.2000735486   0.0724117078
   0.4610000000   0.2002793685   0.0724075808
   0.4615000000   0.2004851717   0.0724034567
   0.4620000000   0.2006909586   0.0723993357
   0.4625000000   0.2008967294   0.0723952178
   0.4630000000   0.2011024842   0.0723911030
   0.4635000000   0.2013082233   0.0723869915
   0.4640000000   0.2015139468   0.0723828832
   0.4645000000   0.2017196548   0.0723787782
   0.4650000000   0.2019253476   0.0723746766
   0.4655000000   0.2021310253   0.0723705783
   0.4660000000   0.2023366879   0.0723664835
   0.4665000000   0.2025423356   0.0723623921
   0.4670000000   0.2027479685   0.0723583043
   0.4675000000   0.2029535867   0.0723542199
   0.4680000000   0.2031591902   0.0723501390
   0.4685000000   0.2033647791   0.0723460616
   0.4690000000   0.2035703534   0.0723419877
   0.4695000000   0.2037759130   0.0723379173
   0.4700000000   0.2039814582   0.0723338504
   0.4705000000   0.2041869887   0.0723297870
   0.4710000000   0.2043925048   0.0723257271
   0.4715000000   0.2045980063   0.0723216707
   0.4720000000   0.2048034932   0.0723176177
   0.4725000000   0.2050089656   0.0723135681
   0.4730000000   0.2052144234   0.0723095220
   0.4735000000   0.2054198666   0.0723054793
   0.4740000000   0.2056252952   0.0723014400
   0.4745000000   0.2058307094   0.0722974041
   0.4750000000   0.2060361091   0.0722933716
   0.4755000000   0.2063983399   0.0723443182
   0.4760000000   0.2066036873   0.0723402266
   0.4765000000   0.2068090235   0.0723361397
   0.4770000000   0.2070143487   0.0723320575
   0.4775000000   0.2072196632   0.0723279802
   0.4780000000   0.2074249672   0.0723239077
   0.4785000000   0.2076302611   0.0723198402
   0.4790000000   0.2078355451   0.0723157777
   0.4795000000   0.2080408194   0.0723117203
   0.4800000000   0.2082460844   0.0723076682
   0.4805000000   0.2084513403   0.0723036213
   0.4810000000   0.2086565875   0.0722995799
   0.4815000000   0.2088618264   0.0722955439
   0.4820000000   0.2090670572   0.0722915135
   0.4825000000   0.2092722802   0.0722874889
   0.4830000000   0.2094774959   0.0722834699
   0.4835000000   0.2096827045   0.0722794569
   0.4840000000   0.2098879063   0.0722754498
   0.4845000000   0.2100931017   0.0722714488
   0.4850000000   0.2102982911   0.0722674540
   0.4855000000   0.2105034747   0.0722634654
   0.4860000000   0.2107086528   0.0722594831
   0.4865000000   0.2109138257   0.0722555073
   0.4870000000   0.2111189937   0.0722515379
   0.4875000000   0.2113241570   0.0722475750
   0.4880000000   0.2115293158   0.0722436188
   0.4885000000   0.2117344703   0.0722396692
   0.4890000000   0.2119396207   0.0722357262
   0.4895000000   0.2121447672   0.0722317900
   0.4900000000   0.2123499099   0.0722278605
   0.4905000000   0.2125550489   0.0722239378
   0.4910000000   0.2127601843   0.0722200218
   0.4915000000   0.2129653160   0.0722161126
   0.4920000000   0.2131704443   0.0722122101
   0.4925000000   0.2133755689   0.0722083144
   0.4930000000   0.2135806900   0.0722044253
   0.4935000000   0.2137858074   0.0722005429
   0.4940000000   0.2139909210   0.0721966670
   0.4945000000   0.2141960307   0.0721927977
   0.4950000000   0.2144011364   0.0721889348
   0.4955000000   0.2146062379   0.0721850783
   0.4960000000   0.2148113349   0.0721812281
   0.4965000000   0.2150164274   0.0721773842
   0.4970000000   0.2152215150   0.0721735463
   0.4975000000   0.2154265975   0.0721697144
   0.4980000000   0.2156316746   0.0721658884
   0.4985000000   0.2158367461   0.0721620682
   0.4990000000   0.2160418116   0.0721582537
