   0.0000000000   3.8259496126   0.0006376583
   0.0005000000   3.8257069221   0.0012752761
   0.0010000000   3.8252164403   0.0019128122
   0.0015000000   3.8244236063   0.0025502161
   0.0020000000   3.8233287065   0.0031874375
   0.0025000000   3.8219321590   0.0038244262
   0.0030000000   3.8202344023   0.0044611320
   0.0035000000   3.8182359776   0.0050975046
   0.0040000000   3.8159375227   0.0057334942
   0.0045000000   3.8133398625   0.0063690509
   0.0050000000   3.8104437806   0.0070041248
   0.0055000000   3.8072501513   0.0076386665
   0.0060000000   3.8037600707   0.0082726265
   0.0065000000   3.7999746470   0.0089059556
   0.0070000000   3.7958950621   0.0095386048
   0.0075000000   3.7915226354   0.0101705253
   0.0080000000   3.7868588062   0.0108016684
   0.0085000000   3.7819049868   0.0114319859
   0.0090000000   3.7766627112   0.0120614297
   0.0095000000   3.7711336917   0.0126899520
   0.0100000000   3.7653196556   0.0133175052
   0.0105000000   3.7592222958   0.0139440423
   0.0110000000   3.7528434030   0.0145695162
   0.0115000000   3.7461848733   0.0151938803
   0.0120000000   3.7392487638   0.0158170885
   0.0125000000   3.7320371067   0.0164390946
   0.0130000000   3.7245519510   0.0170598533
   0.0135000000   3.7167955302   0.0176793192
   0.0140000000   3.7087700647   0.0182974476
   0.0145000000   3.7004778125   0.0189141939
   0.0150000000   3.6919210437   0.0195295140
   0.0155000000   3.6831021529   0.0201433644
   0.0160000000   3.6740236760   0.0207557017
   0.0165000000   3.6646881452   0.0213664830
   0.0170000000   3.6550980960   0.0219756661
   0.0175000000   3.6452561103   0.0225832087
   0.0180000000   3.6351648146   0.0231890695
   0.0185000000   3.6248268699   0.0237932074
   0.0190000000   3.6142449780   0.0243955815
   0.0195000000   3.6034219767   0.0249961518
   0.0200000000   3.5923607291   0.0255948786
   0.0205000000   3.5810640848   0.0261917226
   0.0210000000   3.5695349759   0.0267866451
   0.0215000000   3.5577762717   0.0273796079
   0.0220000000   3.5457909573   0.0279705730
   0.0225000000   3.5335821378   0.0285595034
   0.0230000000   3.5211528044   0.0291463622
   0.0235000000   3.5085060763   0.0297311132
   0.0240000000   3.4956450903   0.0303137207
   0.0245000000   3.4825729837   0.0308941495
   0.0250000000   3.4692929588   0.0314723650
   0.0255000000   3.4544397852   0.0320481050
   0.0260000000   3.4407694399   0.0326215666
   0.0265000000   3.4269013290   0.0331927168
   0.0270000000   3.4128387570   0.0337615232
   0.0275000000   3.3985851041   0.0343279541
   0.0280000000   3.3841437296   0.0348919780
   0.0285000000   3.3695179800   0.0354535644
   0.0290000000   3.3547112371   0.0360126829
   0.0295000000   3.3397270019   0.0365693041
   0.0300000000   3.3245686584   0.0371233989
   0.0305000000   3.3092396341   0.0376749388
   0.0310000000   3.2937434938   0.0382238960
   0.0315000000   3.2780837329   0.0387702433
   0.0320000000   3.2622638451   0.0393139540
   0.0325000000   3.2462873979   0.0398550019
   0.0330000000   3.2301579371   0.0403933615
   0.0335000000   3.2138789449   0.0409290080
   0.0340000000   3.1974539899   0.0414619170
   0.0345000000   3.1808866743   0.0419920648
   0.0350000000   3.1641805283   0.0425194282
   0.0355000000   3.1473389973   0.0430439847
   0.0360000000   3.1303655541   0.0435657123
   0.0365000000   3.1132636928   0.0440845896
   0.0370000000   3.0960369658   0.0446005958
   0.0375000000   3.0786888281   0.0451137106
   0.0380000000   3.0612226966   0.0456239143
   0.0385000000   3.0436420537   0.0461311880
   0.0390000000   3.0259502771   0.0466355131
   0.0395000000   3.0081507328   0.0471368715
   0.0400000000   2.9902467143   0.0476352460
   0.0405000000   2.9722415628   0.0481306196
   0.0410000000   2.9541386571   0.0486229760
   0.0415000000   2.9359412887   0.0491122996
   0.0420000000   2.9176527198   0.0495985750
   0.0425000000   2.8992761564   0.0500817877
   0.0430000000   2.8808147857   0.0505619235
   0.0435000000   2.8622717579   0.0510389688
   0.0440000000   2.8436501694   0.0515129105
   0.0445000000   2.8249531963   0.0519837360
   0.0450000000   2.8061839683   0.0524514334
   0.0455000000   2.7873455384   0.0529159909
   0.0460000000   2.7684409680   0.0533773978
   0.0465000000   2.7494731936   0.0538356433
   0.0470000000   2.7304451820   0.0542907175
   0.0475000000   2.7113599478   0.0547426108
   0.0480000000   2.6922203861   0.0551913142
   0.0485000000   2.6730294478   0.0556368191
   0.0490000000   2.6537900284   0.0560791175
   0.0495000000   2.6345050013   0.0565182016
   0.0500000000   2.6151772213   0.0569540645
   0.0505000000   2.5928175650   0.0573862008
   0.0510000000   2.5734182144   0.0578151038
   0.0515000000   2.5539849785   0.0582407680
   0.0520000000   2.5345205889   0.0586631881
   0.0525000000   2.5150277952   0.0590823594
   0.0530000000   2.4955092964   0.0594982776
   0.0535000000   2.4759677166   0.0599109389
   0.0540000000   2.4564056893   0.0603203398
   0.0545000000   2.4368258860   0.0607264775
   0.0550000000   2.4172308239   0.0611293493
   0.0555000000   2.3976230695   0.0615289531
   0.0560000000   2.3780052605   0.0619252873
   0.0565000000   2.3583799191   0.0623183506
   0.0570000000   2.3387495134   0.0627081422
   0.0575000000   2.3191165706   0.0630946617
   0.0580000000   2.2994835159   0.0634779089
   0.0585000000   2.2798527242   0.0638578844
   0.0590000000   2.2602266722   0.0642345888
   0.0595000000   2.2406077799   0.0646080234
   0.0600000000   2.2209983749   0.0649781898
   0.0605000000   2.2014006891   0.0653450899
   0.0610000000   2.1818169724   0.0657087261
   0.0615000000   2.1622494830   0.0660691010
   0.0620000000   2.1427004585   0.0664262178
   0.0625000000   2.1231720716   0.0667800798
   0.0630000000   2.1036664826   0.0671306909
   0.0635000000   2.0841858346   0.0674780552
   0.0640000000   2.0647321542   0.0678221772
   0.0645000000   2.0453074901   0.0681630618
   0.0650000000   2.0259138314   0.0685007141
   0.0655000000   2.0065531736   0.0688351396
   0.0660000000   1.9872275161   0.0691663442
   0.0665000000   1.9679387812   0.0694943340
   0.0670000000   1.9486888801   0.0698191155
   0.0675000000   1.9294796479   0.0701406954
   0.0680000000   1.9103129065   0.0704590809
   0.0685000000   1.8911904293   0.0707742793
   0.0690000000   1.8721139274   0.0710862983
   0.0695000000   1.8530851912   0.0713951458
   0.0700000000   1.8341059687   0.0717008301
   0.0705000000   1.8151779391   0.0720033598
   0.0710000000   1.7963027577   0.0723027436
   0.0715000000   1.7774819608   0.0725989906
   0.0720000000   1.7587171023   0.0728921101
   0.0725000000   1.7400097840   0.0731821117
   0.0730000000   1.7213615100   0.0734690053
   0.0735000000   1.7027738116   0.0737528010
   0.0740000000   1.6842481767   0.0740335090
   0.0745000000   1.6657860806   0.0743111400
   0.0750000000   1.6473889406   0.0745857048
   0.0755000000   1.6253794004   0.0748566014
   0.0760000000   1.6071166814   0.0751244542
   0.0765000000   1.5889232764   0.0753892747
   0.0770000000   1.5708004515   0.0756510748
   0.0775000000   1.5527494777   0.0759098664
   0.0780000000   1.5347715782   0.0761656616
   0.0785000000   1.5168678976   0.0764184730
   0.0790000000   1.4990396022   0.0766683129
   0.0795000000   1.4812878553   0.0769151942
   0.0800000000   1.4636136650   0.0771591298
   0.0805000000   1.4460180991   0.0774001328
   0.0810000000   1.4285022606   0.0776382165
   0.0815000000   1.4110671456   0.0778733944
   0.0820000000   1.3937136871   0.0781056800
   0.0825000000   1.3764428526   0.0783350871
   0.0830000000   1.3592555136   0.0785616297
   0.0835000000   1.3421525332   0.0787853218
   0.0840000000   1.3251348500   0.0790061776
   0.0845000000   1.3082033269   0.0792242115
   0.0850000000   1.2913587570   0.0794394380
   0.0855000000   1.2746018465   0.0796518716
   0.0860000000   1.2579333247   0.0798615272
   0.0865000000   1.2413539181   0.0800684195
   0.0870000000   1.2248643338   0.0802725635
   0.0875000000   1.2084652472   0.0804739744
   0.0880000000   1.1921573115   0.0806726673
   0.0885000000   1.1759411716   0.0808686575
   0.0890000000   1.1598173832   0.0810619604
   0.0895000000   1.1437865322   0.0812525915
   0.0900000000   1.1278491930   0.0814405664
   0.0905000000   1.1120059319   0.0816259007
   0.0910000000   1.0962572948   0.0818086102
   0.0915000000   1.0806037904   0.0819887109
   0.0920000000   1.0650459786   0.0821662185
   0.0925000000   1.0495843444   0.0823411492
   0.0930000000   1.0342193562   0.0825135191
   0.0935000000   1.0189514497   0.0826833444
   0.0940000000   1.0037810223   0.0828506412
   0.0945000000   0.9887085459   0.0830154260
   0.0950000000   0.9737344864   0.0831777151
   0.0955000000   0.9588592862   0.0833375249
   0.0960000000   0.9440833432   0.0834948722
   0.0965000000   0.9294069767   0.0836497733
   0.0970000000   0.9148305227   0.0838022451
   0.0975000000   0.9003543685   0.0839523041
   0.0980000000   0.8859788675   0.0840999673
   0.0985000000   0.8717043871   0.0842452513
   0.0990000000   0.8575312784   0.0843881732
   0.0995000000   0.8434598880   0.0845287499
   0.1000000000   0.8294905005   0.0846669983
   0.1005000000   0.8127572579   0.0848024578
   0.1010000000   0.7989823417   0.0849356216
   0.1015000000   0.7853102267   0.0850665066
   0.1020000000   0.7717411119   0.0851951301
   0.1025000000   0.7582751936   0.0853215093
   0.1030000000   0.7449126413   0.0854456614
   0.1035000000   0.7316535725   0.0855676037
   0.1040000000   0.7184981461   0.0856873534
   0.1045000000   0.7054465086   0.0858049278
   0.1050000000   0.6924986882   0.0859203442
   0.1055000000   0.6796547735   0.0860336200
   0.1060000000   0.6669148735   0.0861447725
   0.1065000000   0.6542790285   0.0862538190
   0.1070000000   0.6417472313   0.0863607769
   0.1075000000   0.6293194843   0.0864656635
   0.1080000000   0.6169957321   0.0865684961
   0.1085000000   0.6047759455   0.0866692921
   0.1090000000   0.5926601473   0.0867680688
   0.1095000000   0.5806482969   0.0868648435
   0.1100000000   0.5687403156   0.0869596335
   0.1105000000   0.5569360714   0.0870524562
   0.1110000000   0.5452354589   0.0871433288
   0.1115000000   0.5336383387   0.0872322685
   0.1120000000   0.5221445575   0.0873192926
   0.1125000000   0.5107539695   0.0874044183
   0.1130000000   0.4994664139   0.0874876627
   0.1135000000   0.4882817373   0.0875690430
   0.1140000000   0.4771997172   0.0876485763
   0.1145000000   0.4662201556   0.0877262796
   0.1150000000   0.4553428662   0.0878021701
   0.1155000000   0.4445676689   0.0878762647
   0.1160000000   0.4338943337   0.0879485804
   0.1165000000   0.4233226179   0.0880191342
   0.1170000000   0.4128523779   0.0880879429
   0.1175000000   0.4024834195   0.0881550235
   0.1180000000   0.3922155100   0.0882203927
   0.1185000000   0.3820483768   0.0882840675
   0.1190000000   0.3719817323   0.0883460644
   0.1195000000   0.3620153320   0.0884064003
   0.1200000000   0.3521489576   0.0884650918
   0.1205000000   0.3423824161   0.0885221555
   0.1210000000   0.3327154578   0.0885776081
   0.1215000000   0.3231477606   0.0886314661
   0.1220000000   0.3136790265   0.0886837459
   0.1225000000   0.3043090011   0.0887344641
   0.1230000000   0.2950374349   0.0887836370
   0.1235000000   0.2858640931   0.0888312810
   0.1240000000   0.2767887293   0.0888774125
   0.1245000000   0.2678110883   0.0889220476
   0.1250000000   0.2589308480   0.0889652028
   0.1255000000   0.2483920709   0.0890066015
   0.1260000000   0.2396876650   0.0890465494
   0.1265000000   0.2310795871   0.0890850627
   0.1270000000   0.2225675018   0.0891221573
   0.1275000000   0.2141510411   0.0891578491
   0.1280000000   0.2058298280   0.0891921541
   0.1285000000   0.1976034697   0.0892250880
   0.1290000000   0.1894716143   0.0892566666
   0.1295000000   0.1814338861   0.0892869056
   0.1300000000   0.1734898362   0.0893158205
   0.1305000000   0.1656390658   0.0893434270
   0.1310000000   0.1578811929   0.0893697406
   0.1315000000   0.1502158054   0.0893947765
   0.1320000000   0.1426424430   0.0894185503
   0.1325000000   0.1351606246   0.0894410771
   0.1330000000   0.1277698753   0.0894623720
   0.1335000000   0.1204697431   0.0894824503
   0.1340000000   0.1132598039   0.0895013270
   0.1345000000   0.1061396057   0.0895190169
   0.1350000000   0.0991086526   0.0895355350
   0.1355000000   0.0921664319   0.0895508961
   0.1360000000   0.0853124618   0.0895651148
   0.1365000000   0.0785462043   0.0895782059
   0.1370000000   0.0718671214   0.0895901837
   0.1375000000   0.0652747021   0.0896010628
   0.1380000000   0.0587684100   0.0896108576
   0.1385000000   0.0523477356   0.0896195822
   0.1390000000   0.0460121270   0.0896272509
   0.1395000000   0.0397610511   0.0896338777
   0.1400000000   0.0335939695   0.0896394767
   0.1405000000   0.0275103606   0.0896440618
   0.1410000000   0.0215096587   0.0896476467
   0.1415000000   0.0155912848   0.0896502453
   0.1420000000   0.0097547779   0.0896518711
   0.1425000000   0.0039996439   0.0896525377
   0.1430000000  -0.0016746558   0.0896522586
   0.1435000000  -0.0072686946   0.0896510471
   0.1440000000  -0.0127830440   0.0896489166
   0.1445000000  -0.0182182869   0.0896458802
   0.1450000000  -0.0235749679   0.0896419511
   0.1455000000  -0.0288535477   0.0896371421
   0.1460000000  -0.0340545411   0.0896314664
   0.1465000000  -0.0391785500   0.0896249366
   0.1470000000  -0.0442261719   0.0896175656
   0.1475000000  -0.0491979403   0.0896093659
   0.1480000000  -0.0540943549   0.0896003502
   0.1485000000  -0.0589159108   0.0895905309
   0.1490000000  -0.0636630922   0.0895799204
   0.1495000000  -0.0683364141   0.0895685310
   0.1500000000  -0.0729364681   0.0895563749
   0.1505000000  -0.0780005297   0.0895433748
   0.1510000000  -0.0824785564   0.0895296284
   0.1515000000  -0.0868852514   0.0895151475
   0.1520000000  -0.0912211379   0.0894999440
   0.1525000000  -0.0954868076   0.0894840295
   0.1530000000  -0.0996828312   0.0894674157
   0.1535000000  -0.1038097666   0.0894501141
   0.1540000000  -0.1078681421   0.0894321361
   0.1545000000  -0.1118584970   0.0894134930
   0.1550000000  -0.1157814093   0.0893941961
   0.1555000000  -0.1196374295   0.0893742565
   0.1560000000  -0.1234270779   0.0893536853
   0.1565000000  -0.1271508694   0.0893324935
   0.1570000000  -0.1308093790   0.0893106919
   0.1575000000  -0.1344032350   0.0892882914
   0.1580000000  -0.1379330104   0.0892653026
   0.1585000000  -0.1413992524   0.0892417360
   0.1590000000  -0.1448024769   0.0892176023
   0.1595000000  -0.1481432152   0.0891929117
   0.1600000000  -0.1514220576   0.0891676747
   0.1605000000  -0.1546395738   0.0891419015
   0.1610000000  -0.1577963178   0.0891156021
   0.1615000000  -0.1608929019   0.0890887866
   0.1620000000  -0.1639299367   0.0890614649
   0.1625000000  -0.1669080026   0.0890336469
   0.1630000000  -0.1698276982   0.0890053423
   0.1635000000  -0.1726895995   0.0889765607
   0.1640000000  -0.1754943060   0.0889473117
   0.1645000000  -0.1782423843   0.0889176046
   0.1650000000  -0.1809344622   0.0888874489
   0.1655000000  -0.1835711450   0.0888568537
   0.1660000000  -0.1861530278   0.0888258282
   0.1665000000  -0.1886807654   0.0887943814
   0.1670000000  -0.1911549087   0.0887625222
   0.1675000000  -0.1935760250   0.0887302596
   0.1680000000  -0.1959447216   0.0886976021
   0.1685000000  -0.1982616279   0.0886645585
   0.1690000000  -0.2005273779   0.0886311373
   0.1695000000  -0.2027426369   0.0885973468
   0.1700000000  -0.2049080584   0.0885631955
   0.1705000000  -0.2070241893   0.0885286915
   0.1710000000  -0.2090916015   0.0884938429
   0.1715000000  -0.2111109565   0.0884586577
   0.1720000000  -0.2130829425   0.0884231439
   0.1725000000  -0.2150081687   0.0883873092
   0.1730000000  -0.2168871893   0.0883511613
   0.1735000000  -0.2187205763   0.0883147079
   0.1740000000  -0.2205088647   0.0882779564
   0.1745000000  -0.2222526505   0.0882409143
   0.1750000000  -0.2239526056   0.0882035889
   0.1755000000  -0.2244939412   0.0881661732
   0.1760000000  -0.2261422776   0.0881284828
   0.1765000000  -0.2277490147   0.0880905247
   0.1770000000  -0.2293146873   0.0880523055
   0.1775000000  -0.2308399183   0.0880138322
   0.1780000000  -0.2323252798   0.0879751113
   0.1785000000  -0.2337713172   0.0879361495
   0.1790000000  -0.2351785758   0.0878969530
   0.1795000000  -0.2365475941   0.0878575284
   0.1800000000  -0.2378789179   0.0878178819
   0.1805000000  -0.2391730793   0.0877780198
   0.1810000000  -0.2404305604   0.0877379480
   0.1815000000  -0.2416518080   0.0876976727
   0.1820000000  -0.2428373412   0.0876571998
   0.1825000000  -0.2439877420   0.0876165352
   0.1830000000  -0.2451035139   0.0875756846
   0.1835000000  -0.2461851291   0.0875346537
   0.1840000000  -0.2472330199   0.0874934482
   0.1845000000  -0.2482476488   0.0874520736
   0.1850000000  -0.2492295208   0.0874105354
   0.1855000000  -0.2501790736   0.0873688389
   0.1860000000  -0.2510967702   0.0873269894
   0.1865000000  -0.2519831162   0.0872849922
   0.1870000000  -0.2528385684   0.0872428525
   0.1875000000  -0.2536635773   0.0872005752
   0.1880000000  -0.2544586281   0.0871581654
   0.1885000000  -0.2552241634   0.0871156281
   0.1890000000  -0.2559606267   0.0870729680
   0.1895000000  -0.2566684329   0.0870301899
   0.1900000000  -0.2573480969   0.0869872985
   0.1905000000  -0.2580000817   0.0869442985
   0.1910000000  -0.2586248089   0.0869011944
   0.1915000000  -0.2592227998   0.0868579906
   0.1920000000  -0.2597944746   0.0868146915
   0.1925000000  -0.2603402621   0.0867713015
   0.1930000000  -0.2608606090   0.0867278247
   0.1935000000  -0.2613559779   0.0866842654
   0.1940000000  -0.2618268598   0.0866406276
   0.1945000000  -0.2622737440   0.0865969153
   0.1950000000  -0.2626971498   0.0865531324
   0.1955000000  -0.2630975165   0.0865092828
   0.1960000000  -0.2634752553   0.0864653703
   0.1965000000  -0.2638308556   0.0864213985
   0.1970000000  -0.2641648403   0.0863773710
   0.1975000000  -0.2644776514   0.0863332914
   0.1980000000  -0.2647696835   0.0862891631
   0.1985000000  -0.2650413681   0.0862449895
   0.1990000000  -0.2652930754   0.0862007740
   0.1995000000  -0.2655252526   0.0861565198
   0.2000000000  -0.2657384232   0.0861122301
   0.2005000000  -0.2644642227   0.0860681527
   0.2010000000  -0.2646776330   0.0860240398
   0.2015000000  -0.2648736864   0.0859798942
   0.2020000000  -0.2650527446   0.0859357187
   0.2025000000  -0.2652152402   0.0858915162
   0.2030000000  -0.2653615841   0.0858472892
   0.2035000000  -0.2654921555   0.0858030405
   0.2040000000  -0.2656073309   0.0857587727
   0.2045000000  -0.2657074995   0.0857144881
   0.2050000000  -0.2657930421   0.0856701892
   0.2055000000  -0.2658643062   0.0856258785
   0.2060000000  -0.2659215861   0.0855815583
   0.2065000000  -0.2659651467   0.0855372307
   0.2070000000  -0.2659953245   0.0854928982
   0.2075000000  -0.2660125246   0.0854485628
   0.2080000000  -0.2660170869   0.0854042266
   0.2085000000  -0.2660092925   0.0853598917
   0.2090000000  -0.2659893942   0.0853155601
   0.2095000000  -0.2659577137   0.0852712338
   0.2100000000  -0.2659145799   0.0852269147
   0.2105000000  -0.2658602263   0.0851826047
   0.2110000000  -0.2657949492   0.0851383055
   0.2115000000  -0.2657190746   0.0850940190
   0.2120000000  -0.2656328477   0.0850497469
   0.2125000000  -0.2655365334   0.0850054908
   0.2130000000  -0.2654304273   0.0849612524
   0.2135000000  -0.2653147725   0.0849170333
   0.2140000000  -0.2651898128   0.0848728350
   0.2145000000  -0.2650557856   0.0848286590
   0.2150000000  -0.2649130251   0.0847845068
   0.2155000000  -0.2647617910   0.0847403799
   0.2160000000  -0.2646023100   0.0846962795
   0.2165000000  -0.2644349165   0.0846522070
   0.2170000000  -0.2642598421   0.0846081637
   0.2175000000  -0.2640773164   0.0845641508
   0.2180000000  -0.2638875743   0.0845201695
   0.2185000000  -0.2636908733   0.0844762211
   0.2190000000  -0.2634874989   0.0844323065
   0.2195000000  -0.2632777139   0.0843884269
   0.2200000000  -0.2630618384   0.0843445832
   0.2205000000  -0.2628401324   0.0843007765
   0.2210000000  -0.2626127969   0.0842570077
   0.2215000000  -0.2623800908   0.0842132777
   0.2220000000  -0.2621423155   0.0841695873
   0.2225000000  -0.2618996927   0.0841259374
   0.2230000000  -0.2616524058   0.0840823286
   0.2235000000  -0.2614006748   0.0840387619
   0.2240000000  -0.2611446485   0.0839952378
   0.2245000000  -0.2608845610   0.0839517570
   0.2250000000  -0.2606207120   0.0839083202
   0.2255000000  -0.2600992238   0.0838649703
   0.2260000000  -0.2598515278   0.0838216618
   0.2265000000  -0.2596006477   0.0837783950
   0.2270000000  -0.2593467368   0.0837351705
   0.2275000000  -0.2590899920   0.0836919889
   0.2280000000  -0.2588306192   0.0836488504
   0.2285000000  -0.2585687875   0.0836057556
   0.2290000000  -0.2583046439   0.0835627049
   0.2295000000  -0.2580383776   0.0835196985
   0.2300000000  -0.2577701679   0.0834767368
   0.2305000000  -0.2575001388   0.0834338201
   0.2310000000  -0.2572283613   0.0833909487
   0.2315000000  -0.2569549073   0.0833481229
   0.2320000000  -0.2566799038   0.0833053429
   0.2325000000  -0.2564035303   0.0832626090
   0.2330000000  -0.2561259315   0.0832199213
   0.2335000000  -0.2558471726   0.0831772801
   0.2340000000  -0.2555673163   0.0831346856
   0.2345000000  -0.2552865107   0.0830921378
   0.2350000000  -0.2550048778   0.0830496370
   0.2355000000  -0.2547224561   0.0830071832
   0.2360000000  -0.2544393634   0.0829647767
   0.2365000000  -0.2541557216   0.0829224174
   0.2370000000  -0.2538715730   0.0828801055
   0.2375000000  -0.2535870124   0.0828378410
   0.2380000000  -0.2533021436   0.0827956239
   0.2385000000  -0.2530170127   0.0827534544
   0.2390000000  -0.2527316654   0.0827113325
   0.2395000000  -0.2524461635   0.0826692581
   0.2400000000  -0.2521606403   0.0826272314
   0.2405000000  -0.2518751583   0.0825852522
   0.2410000000  -0.2515897848   0.0825433205
   0.2415000000  -0.2513046796   0.0825014364
   0.2420000000  -0.2510198942   0.0824595998
   0.2425000000  -0.2507354588   0.0824178105
   0.2430000000  -0.2504514286   0.0823760686
   0.2435000000  -0.2501678975   0.0823343740
   0.2440000000  -0.2498849493   0.0822927265
   0.2445000000  -0.2496026541   0.0822511260
   0.2450000000  -0.2493211498   0.0822095725
   0.2455000000  -0.2490405061   0.0821680658
   0.2460000000  -0.2487607419   0.0821266056
   0.2465000000  -0.2484819248   0.0820851920
   0.2470000000  -0.2482041598   0.0820438246
   0.2475000000  -0.2479274780   0.0820025034
   0.2480000000  -0.2476518805   0.0819612281
   0.2485000000  -0.2473774152   0.0819199985
   0.2490000000  -0.2471040679   0.0818788145
   0.2495000000  -0.2468318876   0.0818376758
   0.2500000000  -0.2465609907   0.0817965823
   0.2505000000  -0.2469981312   0.0817554160
   0.2510000000  -0.2467417306   0.0817142924
   0.2515000000  -0.2464864128   0.0816732113
   0.2520000000  -0.2462321629   0.0816321726
   0.2525000000  -0.2459790169   0.0815911761
   0.2530000000  -0.2457269968   0.0815502216
   0.2535000000  -0.2454760908   0.0815093089
   0.2540000000  -0.2452262951   0.0814684379
   0.2545000000  -0.2449776381   0.0814276083
   0.2550000000  -0.2447301287   0.0813868199
   0.2555000000  -0.2444837337   0.0813460726
   0.2560000000  -0.2442383806   0.0813053662
   0.2565000000  -0.2439940131   0.0812647006
   0.2570000000  -0.2437506146   0.0812240755
   0.2575000000  -0.2435081950   0.0811834908
   0.2580000000  -0.2432667482   0.0811429463
   0.2585000000  -0.2430262165   0.0811024419
   0.2590000000  -0.2427865357   0.0810619775
   0.2595000000  -0.2425477293   0.0810215529
   0.2600000000  -0.2423098007   0.0809811679
   0.2605000000  -0.2420726826   0.0809408225
   0.2610000000  -0.2418363778   0.0809005164
   0.2615000000  -0.2416008955   0.0808602496
   0.2620000000  -0.2413661868   0.0808200219
   0.2625000000  -0.2411322699   0.0807798332
   0.2630000000  -0.2408991732   0.0807396833
   0.2635000000  -0.2406668362   0.0806995722
   0.2640000000  -0.2404352032   0.0806594996
   0.2645000000  -0.2402042724   0.0806194656
   0.2650000000  -0.2399740844   0.0805794699
   0.2655000000  -0.2397446294   0.0805395125
   0.2660000000  -0.2395159274   0.0804995932
   0.2665000000  -0.2392880737   0.0804597118
   0.2670000000  -0.2390610781   0.0804198683
   0.2675000000  -0.2388348966   0.0803800625
   0.2680000000  -0.2386095471   0.0803402942
   0.2685000000  -0.2383851190   0.0803005634
   0.2690000000  -0.2381616499   0.0802608698
   0.2695000000  -0.2379391633   0.0802212132
   0.2700000000  -0.2377177444   0.0801815936
   0.2705000000  -0.2374974194   0.0801420107
   0.2710000000  -0.2372781949   0.0801024643
   0.2715000000  -0.2370601171   0.0800629543
   0.2720000000  -0.2368432586   0.0800234804
   0.2725000000  -0.2366276436   0.0799840425
   0.2730000000  -0.2364132495   0.0799446403
   0.2735000000  -0.2362001138   0.0799052736
   0.2740000000  -0.2359882458   0.0798659422
   0.2745000000  -0.2357776772   0.0798266460
   0.2750000000  -0.2355684893   0.0797873845
   0.2755000000  -0.2358831967   0.0797480707
   0.2760000000  -0.2356810055   0.0797087905
   0.2765000000  -0.2354798901   0.0796695439
   0.2770000000  -0.2352798316   0.0796303306
   0.2775000000  -0.2350808620   0.0795911504
   0.2780000000  -0.2348829843   0.0795520032
   0.2785000000  -0.2346861676   0.0795128889
   0.2790000000  -0.2344904197   0.0794738072
   0.2795000000  -0.2342957388   0.0794347579
   0.2800000000  -0.2341020996   0.0793957408
   0.2805000000  -0.2339094677   0.0793567559
   0.2810000000  -0.2337177854   0.0793178030
   0.2815000000  -0.2335270011   0.0792788818
   0.2820000000  -0.2333370606   0.0792399923
   0.2825000000  -0.2331479257   0.0792011343
   0.2830000000  -0.2329595775   0.0791623077
   0.2835000000  -0.2327719678   0.0791235124
   0.2840000000  -0.2325850269   0.0790847482
   0.2845000000  -0.2323987313   0.0790460151
   0.2850000000  -0.2322130466   0.0790073129
   0.2855000000  -0.2320279126   0.0789686416
   0.2860000000  -0.2318433148   0.0789300010
   0.2865000000  -0.2316592420   0.0788913912
   0.2870000000  -0.2314756340   0.0788528119
   0.2875000000  -0.2312924935   0.0788142631
   0.2880000000  -0.2311098494   0.0787757448
   0.2885000000  -0.2309276093   0.0787372569
   0.2890000000  -0.2307456769   0.0786987993
   0.2895000000  -0.2305640619   0.0786603719
   0.2900000000  -0.2303827819   0.0786219748
   0.2905000000  -0.2302017999   0.0785836079
   0.2910000000  -0.2300211297   0.0785452710
   0.2915000000  -0.2298408395   0.0785069642
   0.2920000000  -0.2296609297   0.0784686874
   0.2925000000  -0.2294813337   0.0784304405
   0.2930000000  -0.2293020787   0.0783922235
   0.2935000000  -0.2291232710   0.0783540363
   0.2940000000  -0.2289449327   0.0783158788
   0.2945000000  -0.2287670737   0.0782777509
   0.2950000000  -0.2285897483   0.0782396526
   0.2955000000  -0.2284129765   0.0782015838
   0.2960000000  -0.2282367737   0.0781635443
   0.2965000000  -0.2280611837   0.0781255341
   0.2970000000  -0.2278862827   0.0780875531
   0.2975000000  -0.2277121125   0.0780496011
   0.2980000000  -0.2275386600   0.0780116780
   0.2985000000  -0.2273659646   0.0779737836
   0.2990000000  -0.2271940598   0.0779359180
   0.2995000000  -0.2270229648   0.0778980808
   0.3000000000  -0.2268527383   0.0778602720
   0.3005000000  -0.2261946413   0.0778225729
   0.3010000000  -0.2260182350   0.0777849032
   0.3015000000  -0.2258421973   0.0777472628
   0.3020000000  -0.2256665260   0.0777096517
   0.3025000000  -0.2254912656   0.0776720699
   0.3030000000  -0.2253164200   0.0776345171
   0.3035000000  -0.2251419596   0.0775969935
   0.3040000000  -0.2249679020   0.0775594988
   0.3045000000  -0.2247942355   0.0775220331
   0.3050000000  -0.2246209372   0.0774845963
   0.3055000000  -0.2244479940   0.0774471883
   0.3060000000  -0.2242753630   0.0774098091
   0.3065000000  -0.2241030034   0.0773724586
   0.3070000000  -0.2239308484   0.0773351368
   0.3075000000  -0.2237588238   0.0772978436
   0.3080000000  -0.2235869027   0.0772605791
   0.3085000000  -0.2234150491   0.0772233433
   0.3090000000  -0.2232432068   0.0771861361
   0.3095000000  -0.2230713297   0.0771489575
   0.3100000000  -0.2228993530   0.0771118076
   0.3105000000  -0.2227272251   0.0770746864
   0.3110000000  -0.2225549289   0.0770375940
   0.3115000000  -0.2223824437   0.0770005302
   0.3120000000  -0.2222097085   0.0769634953
   0.3125000000  -0.2220367161   0.0769264891
   0.3130000000  -0.2218634880   0.0768895119
   0.3135000000  -0.2216899168   0.0768525636
   0.3140000000  -0.2215158948   0.0768156443
   0.3145000000  -0.2213414409   0.0767787540
   0.3150000000  -0.2211665534   0.0767418929
   0.3155000000  -0.2209911838   0.0767050611
   0.3160000000  -0.2208153458   0.0766682585
   0.3165000000  -0.2206390770   0.0766314853
   0.3170000000  -0.2204623806   0.0765947416
   0.3175000000  -0.2202852092   0.0765580274
   0.3180000000  -0.2201076153   0.0765213428
   0.3185000000  -0.2199297000   0.0764846878
   0.3190000000  -0.2197514662   0.0764480626
   0.3195000000  -0.2195729412   0.0764114671
   0.3200000000  -0.2193941725   0.0763749014
   0.3205000000  -0.2192151907   0.0763383655
   0.3210000000  -0.2190360180   0.0763018595
   0.3215000000  -0.2188567236   0.0762653834
   0.3220000000  -0.2186774401   0.0762289372
   0.3225000000  -0.2184982448   0.0761925208
   0.3230000000  -0.2183191629   0.0761561343
   0.3235000000  -0.2181402787   0.0761197776
   0.3240000000  -0.2179616731   0.0760834506
   0.3245000000  -0.2177833901   0.0760471534
   0.3250000000  -0.2176055193   0.0760108858
   0.3255000000  -0.2166602396   0.0759747758
   0.3260000000  -0.2164583133   0.0759386994
   0.3265000000  -0.2162562312   0.0759026567
   0.3270000000  -0.2160540654   0.0758666477
   0.3275000000  -0.2158519294   0.0758306723
   0.3280000000  -0.2156498854   0.0757947307
   0.3285000000  -0.2154479664   0.0757588227
   0.3290000000  -0.2152462632   0.0757229483
   0.3295000000  -0.2150448458   0.0756871075
   0.3300000000  -0.2148437757   0.0756513002
   0.3305000000  -0.2146431219   0.0756155264
   0.3310000000  -0.2144429089   0.0755797859
   0.3315000000  -0.2142431850   0.0755440787
   0.3320000000  -0.2140439758   0.0755084047
   0.3325000000  -0.2138452586   0.0754727638
   0.3330000000  -0.2136470669   0.0754371560
   0.3335000000  -0.2134494264   0.0754015811
   0.3340000000  -0.2132523534   0.0753660390
   0.3345000000  -0.2130558597   0.0753305297
   0.3350000000  -0.2128599067   0.0752950530
   0.3355000000  -0.2126644930   0.0752596090
   0.3360000000  -0.2124696485   0.0752241973
   0.3365000000  -0.2122753938   0.0751888181
   0.3370000000  -0.2120817031   0.0751534712
   0.3375000000  -0.2118885777   0.0751181564
   0.3380000000  -0.2116960748   0.0750828737
   0.3385000000  -0.2115040994   0.0750476230
   0.3390000000  -0.2113125265   0.0750124043
   0.3395000000  -0.2111213719   0.0749772174
   0.3400000000  -0.2109306295   0.0749420623
   0.3405000000  -0.2107402455   0.0749069389
   0.3410000000  -0.2105501984   0.0748718472
   0.3415000000  -0.2103604470   0.0748367871
   0.3420000000  -0.2101709808   0.0748017586
   0.3425000000  -0.2099817557   0.0747667617
   0.3430000000  -0.2097927621   0.0747317962
   0.3435000000  -0.2096040415   0.0746968622
   0.3440000000  -0.2094155317   0.0746619596
   0.3445000000  -0.2092271926   0.0746270884
   0.3450000000  -0.2090390010   0.0745922486
   0.3455000000  -0.2088509314   0.0745574401
   0.3460000000  -0.2086629251   0.0745226629
   0.3465000000  -0.2084749887   0.0744879171
   0.3470000000  -0.2082871985   0.0744532026
   0.3475000000  -0.2080995509   0.0744185193
   0.3480000000  -0.2079120172   0.0743838673
   0.3485000000  -0.2077246124   0.0743492466
   0.3490000000  -0.2075373507   0.0743146570
   0.3495000000  -0.2073502061   0.0742800986
   0.3500000000  -0.2071631750   0.0742455714
   0.3505000000  -0.2060413052   0.0742112312
   0.3510000000  -0.2058171232   0.0741769284
   0.3515000000  -0.2055923208   0.0741426630
   0.3520000000  -0.2053669352   0.0741084352
   0.3525000000  -0.2051410090   0.0740742450
   0.3530000000  -0.2049145384   0.0740400926
   0.3535000000  -0.2046875226   0.0740059780
   0.3540000000  -0.2044600101   0.0739719013
   0.3545000000  -0.2042320498   0.0739378626
   0.3550000000  -0.2040036778   0.0739038620
   0.3555000000  -0.2037749089   0.0738698995
   0.3560000000  -0.2035457304   0.0738359752
   0.3565000000  -0.2033161848   0.0738020892
   0.3570000000  -0.2030862908   0.0737682415
   0.3575000000  -0.2028560127   0.0737344322
   0.3580000000  -0.2026253639   0.0737006613
   0.3585000000  -0.2023943321   0.0736669289
   0.3590000000  -0.2021629269   0.0736332351
   0.3595000000  -0.2019311609   0.0735995799
   0.3600000000  -0.2016989787   0.0735659634
   0.3605000000  -0.2014663840   0.0735323856
   0.3610000000  -0.2012333930   0.0734988467
   0.3615000000  -0.2010000074   0.0734653467
   0.3620000000  -0.2007661944   0.0734318857
   0.3625000000  -0.2005319320   0.0733984637
   0.3630000000  -0.2002972745   0.0733650808
   0.3635000000  -0.2000621366   0.0733317371
   0.3640000000  -0.1998263930   0.0732984328
   0.3645000000  -0.1995900416   0.0732651677
   0.3650000000  -0.1993530703   0.0732319422
   0.3655000000  -0.1991154447   0.0731987563
   0.3660000000  -0.1988771145   0.0731656101
   0.3665000000  -0.1986379932   0.0731325038
   0.3670000000  -0.1983980854   0.0730994375
   0.3675000000  -0.1981573671   0.0730664112
   0.3680000000  -0.1979158048   0.0730334253
   0.3685000000  -0.1976734283   0.0730004797
   0.3690000000  -0.1974301669   0.0729675747
   0.3695000000  -0.1971859600   0.0729347103
   0.3700000000  -0.1969407759   0.0729018869
   0.3705000000  -0.1966945817   0.0728691044
   0.3710000000  -0.1964473023   0.0728363632
   0.3715000000  -0.1961989384   0.0728036634
   0.3720000000  -0.1959495407   0.0727710051
   0.3725000000  -0.1956990850   0.0727383886
   0.3730000000  -0.1954475493   0.0727058140
   0.3735000000  -0.1951949184   0.0726732816
   0.3740000000  -0.1949411799   0.0726407914
   0.3745000000  -0.1946863092   0.0726083436
   0.3750000000  -0.1944302779   0.0725759386
   0.3755000000  -0.1925342487   0.0725438496
   0.3760000000  -0.1922385085   0.0725118098
   0.3765000000  -0.1919410343   0.0724798196
   0.3770000000  -0.1916418705   0.0724478793
   0.3775000000  -0.1913410421   0.0724159891
   0.3780000000  -0.1910385399   0.0723841494
   0.3785000000  -0.1907343726   0.0723523603
   0.3790000000  -0.1904285589   0.0723206222
   0.3795000000  -0.1901211381   0.0722889354
   0.3800000000  -0.1898121598   0.0722573000
   0.3805000000  -0.1895016245   0.0722257164
   0.3810000000  -0.1891895304   0.0721941848
   0.3815000000  -0.1888759277   0.0721627055
   0.3820000000  -0.1885608419   0.0721312787
   0.3825000000  -0.1882442767   0.0720999046
   0.3830000000  -0.1879262425   0.0720685836
   0.3835000000  -0.1876067060   0.0720373158
   0.3840000000  -0.1872856817   0.0720061015
   0.3845000000  -0.1869631977   0.0719749410
   0.3850000000  -0.1866392163   0.0719438345
   0.3855000000  -0.1863137685   0.0719127822
   0.3860000000  -0.1859868596   0.0718817844
   0.3865000000  -0.1856584634   0.0718508413
   0.3870000000  -0.1853285656   0.0718199532
   0.3875000000  -0.1849971639   0.0717891203
   0.3880000000  -0.1846643048   0.0717583430
   0.3885000000  -0.1843299191   0.0717276213
   0.3890000000  -0.1839939231   0.0716969556
   0.3895000000  -0.1836563118   0.0716663463
   0.3900000000  -0.1833170747   0.0716357934
   0.3905000000  -0.1829761980   0.0716052974
   0.3910000000  -0.1826336371   0.0715748584
   0.3915000000  -0.1822892983   0.0715444769
   0.3920000000  -0.1819431936   0.0715141530
   0.3925000000  -0.1815953323   0.0714838871
   0.3930000000  -0.1812456818   0.0714536795
   0.3935000000  -0.1808942567   0.0714235305
   0.3940000000  -0.1805409906   0.0713934403
   0.3945000000  -0.1801858220   0.0713634093
   0.3950000000  -0.1798287219   0.0713334379
   0.3955000000  -0.1794696770   0.0713035263
   0.3960000000  -0.1791086263   0.0712736748
   0.3965000000  -0.1787455525   0.0712438839
   0.3970000000  -0.1783804817   0.0712141538
   0.3975000000  -0.1780133885   0.0711844849
   0.3980000000  -0.1776442456   0.0711548776
   0.3985000000  -0.1772730197   0.0711253321
   0.3990000000  -0.1768996971   0.0710958488
   0.3995000000  -0.1765242709   0.0710664281
   0.4000000000  -0.1761467087   0.0710370703
   0.4005000000  -0.1734679644   0.0710081590
   0.4010000000  -0.1730516938   0.0709793170
   0.4015000000  -0.1726328383   0.0709505449
   0.4020000000  -0.1722114488   0.0709218430
   0.4025000000  -0.1717875655   0.0708932117
   0.4030000000  -0.1713611818   0.0708646515
   0.4035000000  -0.1709323142   0.0708361628
   0.4040000000  -0.1705009698   0.0708077460
   0.4045000000  -0.1700671737   0.0707794014
   0.4050000000  -0.1696309885   0.0707511296
   0.4055000000  -0.1691924431   0.0707229309
   0.4060000000  -0.1687515685   0.0706948056
   0.4065000000  -0.1683084227   0.0706667542
   0.4070000000  -0.1678630584   0.0706387770
   0.4075000000  -0.1674155327   0.0706108744
   0.4080000000  -0.1669658872   0.0705830468
   0.4085000000  -0.1665141120   0.0705552944
   0.4090000000  -0.1660602518   0.0705276177
   0.4095000000  -0.1656043619   0.0705000170
   0.4100000000  -0.1651464510   0.0704724926
   0.4105000000  -0.1646866162   0.0704450448
   0.4110000000  -0.1642248875   0.0704176740
   0.4115000000  -0.1637612443   0.0703903805
   0.4120000000  -0.1632957335   0.0703631645
   0.4125000000  -0.1628284217   0.0703360264
   0.4130000000  -0.1623593896   0.0703089665
   0.4135000000  -0.1618886289   0.0702819851
   0.4140000000  -0.1614161377   0.0702550824
   0.4145000000  -0.1609419593   0.0702282587
   0.4150000000  -0.1604661311   0.0702015144
   0.4155000000  -0.1599886834   0.0701748496
   0.4160000000  -0.1595096222   0.0701482647
   0.4165000000  -0.1590289206   0.0701217598
   0.4170000000  -0.1585466343   0.0700953354
   0.4175000000  -0.1580628407   0.0700689916
   0.4180000000  -0.1575775730   0.0700427287
   0.4185000000  -0.1570908701   0.0700165469
   0.4190000000  -0.1566027091   0.0699904464
   0.4195000000  -0.1561130790   0.0699644276
   0.4200000000  -0.1556219945   0.0699384906
   0.4205000000  -0.1551294856   0.0699126357
   0.4210000000  -0.1546355480   0.0698868631
   0.4215000000  -0.1541401820   0.0698611730
   0.4220000000  -0.1536434278   0.0698355658
   0.4225000000  -0.1531452982   0.0698100416
   0.4230000000  -0.1526457900   0.0697846006
   0.4235000000  -0.1521448952   0.0697592431
   0.4240000000  -0.1516426192   0.0697339694
   0.4245000000  -0.1511389866   0.0697087795
   0.4250000000  -0.1506339918   0.0696836739
   0.4255000000  -0.1477917851   0.0696590419
   0.4260000000  -0.1472460984   0.0696345009
   0.4265000000  -0.1466986347   0.0696100511
   0.4270000000  -0.1461494718   0.0695856929
   0.4275000000  -0.1455986729   0.0695614264
   0.4280000000  -0.1450462287   0.0695372520
   0.4285000000  -0.1444921423   0.0695131700
   0.4290000000  -0.1439364106   0.0694891806
   0.4295000000  -0.1433790440   0.0694652841
   0.4300000000  -0.1428200772   0.0694414808
   0.4305000000  -0.1422595591   0.0694177708
   0.4310000000  -0.1416975348   0.0693941546
   0.4315000000  -0.1411340360   0.0693706322
   0.4320000000  -0.1405691045   0.0693472041
   0.4325000000  -0.1400028051   0.0693238703
   0.4330000000  -0.1394351915   0.0693006311
   0.4335000000  -0.1388662650   0.0692774867
   0.4340000000  -0.1382960587   0.0692544373
   0.4345000000  -0.1377246064   0.0692314832
   0.4350000000  -0.1371519184   0.0692086246
   0.4355000000  -0.1365781006   0.0691858616
   0.4360000000  -0.1360031907   0.0691631944
   0.4365000000  -0.1354271539   0.0691406232
   0.4370000000  -0.1348500308   0.0691181482
   0.4375000000  -0.1342719199   0.0690957695
   0.4380000000  -0.1336928928   0.0690734874
   0.4385000000  -0.1331129559   0.0690513019
   0.4390000000  -0.1325321515   0.0690292132
   0.4395000000  -0.1319505448   0.0690072214
   0.4400000000  -0.1313681755   0.0689853267
   0.4405000000  -0.1307850746   0.0689635292
   0.4410000000  -0.1302012805   0.0689418290
   0.4415000000  -0.1296168089   0.0689202262
   0.4420000000  -0.1290317415   0.0688987209
   0.4425000000  -0.1284461791   0.0688773132
   0.4430000000  -0.1278601943   0.0688560032
   0.4435000000  -0.1272738523   0.0688347909
   0.4440000000  -0.1266871624   0.0688136764
   0.4445000000  -0.1261001594   0.0687926597
   0.4450000000  -0.1255129013   0.0687717408
   0.4455000000  -0.1249254577   0.0687509199
   0.4460000000  -0.1243378774   0.0687301970
   0.4465000000  -0.1237501871   0.0687095719
   0.4470000000  -0.1231624579   0.0686890448
   0.4475000000  -0.1225747662   0.0686686157
   0.4480000000  -0.1219871620   0.0686482845
   0.4485000000  -0.1213996832   0.0686280512
   0.4490000000  -0.1208123642   0.0686079158
   0.4495000000  -0.1202252780   0.0685878783
   0.4500000000  -0.1196384640   0.0685679386
   0.4505000000  -0.1172367625   0.0685483991
   0.4510000000  -0.1166140073   0.0685289634
   0.4515000000  -0.1159911614   0.0685096316
   0.4520000000  -0.1153683469   0.0684904035
   0.4525000000  -0.1147456599   0.0684712792
   0.4530000000  -0.1141231205   0.0684522587
   0.4535000000  -0.1135007606   0.0684333419
   0.4540000000  -0.1128786084   0.0684145288
   0.4545000000  -0.1122566995   0.0683958194
   0.4550000000  -0.1116350743   0.0683772135
   0.4555000000  -0.1110138137   0.0683587112
   0.4560000000  -0.1103929851   0.0683403124
   0.4565000000  -0.1097726291   0.0683220170
   0.4570000000  -0.1091528119   0.0683038248
   0.4575000000  -0.1085336202   0.0682857359
   0.4580000000  -0.1079151217   0.0682677500
   0.4585000000  -0.1072973582   0.0682498671
   0.4590000000  -0.1066803912   0.0682320871
   0.4595000000  -0.1060642514   0.0682144097
   0.4600000000  -0.1054489557   0.0681968349
   0.4605000000  -0.1048346199   0.0681793624
   0.4610000000  -0.1042213115   0.0681619922
   0.4615000000  -0.1036090088   0.0681447240
   0.4620000000  -0.1029977498   0.0681275578
   0.4625000000  -0.1023876672   0.0681104931
   0.4630000000  -0.1017788341   0.0680935300
   0.4635000000  -0.1011712709   0.0680766681
   0.4640000000  -0.1005650716   0.0680599073
   0.4645000000  -0.0999603223   0.0680432472
   0.4650000000  -0.0993570607   0.0680266877
   0.4655000000  -0.0987553238   0.0680102285
   0.4660000000  -0.0981551841   0.0679938693
   0.4665000000  -0.0975566895   0.0679776098
   0.4670000000  -0.0969599421   0.0679614499
   0.4675000000  -0.0963650767   0.0679453890
   0.4680000000  -0.0957722096   0.0679294270
   0.4685000000  -0.0951814478   0.0679135634
   0.4690000000  -0.0945928187   0.0678977979
   0.4695000000  -0.0940064026   0.0678821302
   0.4700000000  -0.0934223096   0.0678665598
   0.4705000000  -0.0928406302   0.0678510864
   0.4710000000  -0.0922614661   0.0678357095
   0.4715000000  -0.0916848700   0.0678204287
   0.4720000000  -0.0911109411   0.0678052435
   0.4725000000  -0.0905398252   0.0677901535
   0.4730000000  -0.0899716477   0.0677751583
   0.4735000000  -0.0894065198   0.0677602572
   0.4740000000  -0.0888445135   0.0677454497
   0.4745000000  -0.0882857531   0.0677307355
   0.4750000000  -0.0877303188   0.0677161137
   0.4755000000  -0.0856520831   0.0677018384
   0.4760000000  -0.0850704854   0.0676876600
   0.4765000000  -0.0844920340   0.0676735780
   0.4770000000  -0.0839168971   0.0676595918
   0.4775000000  -0.0833452205   0.0676457009
   0.4780000000  -0.0827770776   0.0676319048
   0.4785000000  -0.0822125618   0.0676182027
   0.4790000000  -0.0816517670   0.0676045940
   0.4795000000  -0.0810947917   0.0675910782
   0.4800000000  -0.0805417207   0.0675776546
   0.4805000000  -0.0799926840   0.0675643225
   0.4810000000  -0.0794477872   0.0675510812
   0.4815000000  -0.0789071088   0.0675379300
   0.4820000000  -0.0783707747   0.0675248682
   0.4825000000  -0.0778389131   0.0675118951
   0.4830000000  -0.0773116245   0.0674990098
   0.4835000000  -0.0767890102   0.0674862116
   0.4840000000  -0.0762711748   0.0674734998
   0.4845000000  -0.0757581778   0.0674608734
   0.4850000000  -0.0752500748   0.0674483317
   0.4855000000  -0.0747470005   0.0674358739
   0.4860000000  -0.0742490612   0.0674234991
   0.4865000000  -0.0737562606   0.0674112064
   0.4870000000  -0.0732686401   0.0673989949
   0.4875000000  -0.0727863561   0.0673868639
   0.4880000000  -0.0723094874   0.0673748123
   0.4885000000  -0.0718380677   0.0673628393
   0.4890000000  -0.0713722168   0.0673509439
   0.4895000000  -0.0709120323   0.0673391252
   0.4900000000  -0.0704575545   0.0673273823
   0.4905000000  -0.0700088130   0.0673157142
   0.4910000000  -0.0695658873   0.0673041198
   0.4915000000  -0.0691288361   0.0672925984
   0.4920000000  -0.0686977534   0.0672811487
   0.4925000000  -0.0682727566   0.0672697700
   0.4930000000  -0.0678539520   0.0672584610
   0.4935000000  -0.0674414745   0.0672472207
   0.4940000000  -0.0670353566   0.0672360482
   0.4945000000  -0.0666356486   0.0672249422
   0.4950000000  -0.0662424373   0.0672139018
   0.4955000000  -0.0658557978   0.0672029258
   0.4960000000  -0.0654758242   0.0671920132
   0.4965000000  -0.0651025384   0.0671811628
   0.4970000000  -0.0647360044   0.0671703734
   0.4975000000  -0.0643763782   0.0671596440
   0.4980000000  -0.0640237916   0.0671489734
   0.4985000000  -0.0636783378   0.0671383604
   0.4990000000  -0.0633400564   0.0671278037
