 initial potential energy	:    245185.14259914224     
 final potential energy :   -214.64764149054437     
 step	utot	ukin	upot	temp	press

  550    -43.93432    193.26683   -237.20115      1.30146     12.02342
  600   -121.72809    191.86799   -313.59608      1.29204      8.68114
  650   -122.32450    152.80717   -275.13167      1.02900     10.11199
  700   -190.48250    153.68302   -344.16553      1.03490      7.35224
  750   -202.15509    131.47728   -333.63237      0.88537      7.50753
  800   -235.19430    121.92456   -357.11886      0.82104      6.52175
  850   -261.31678    113.42698   -374.74376      0.76382      5.55617
  900   -299.29421    113.45280   -412.74701      0.76399      3.75396
  950   -311.09874    104.36011   -415.45885      0.70276      4.01660
 1000   -304.02543     86.24887   -390.27431      0.58080      5.01211
 1050   -338.16083     88.31251   -426.47334      0.59470      3.04624
 1100   -348.61347     81.32515   -429.93861      0.54764      3.12303
 1150   -356.80149     74.95324   -431.75473      0.50474      3.04883
 1200   -375.86818     73.68617   -449.55436      0.49620      2.10818
 1250   -384.17351     68.98771   -453.16122      0.46456      1.86289
 1300   -383.91217     61.82828   -445.74045      0.41635      2.28062
 1350   -391.54650     58.10770   -449.65420      0.39130      2.11890
 1400   -401.77741     57.01972   -458.79712      0.38397      1.56774
 1450   -415.42140     57.20963   -472.63103      0.38525      1.25265
 1500   -408.64610     47.80873   -456.45482      0.32194      1.51383
 1550   -421.67089     48.69351   -470.36441      0.32790      0.94309
 1600   -425.03468     45.75806   -470.79275      0.30814      0.99491
 1650   -433.97004     45.53181   -479.50185      0.30661      0.47392
 1700   -434.02350     41.46796   -475.49145      0.27925      0.67466
 1750   -439.73399     40.54006   -480.27405      0.27300      0.37866
 1800   -453.66272     43.47347   -497.13619      0.29275     -0.28723
 1850   -452.33124     39.04605   -491.37729      0.26294     -0.17195
 1900   -459.41920     39.20051   -498.61971      0.26398     -0.52264
 1950   -452.55195     32.06397   -484.61592      0.21592      0.24850
 2000   -467.16387     35.89673   -503.06060      0.24173     -0.59148
 2050   -469.55533     33.99043   -503.54576      0.22889     -0.73583
 2100   -469.16902     31.02732   -500.19633      0.20894     -0.55460
 2150   -473.47783     30.60954   -504.08737      0.20612     -0.46907
 2200   -468.91860     25.76988   -494.68848      0.17353      0.01487
 2250   -481.42236     29.53269   -510.95505      0.19887     -1.02802
 2300   -480.78430     26.99676   -507.78105      0.18180     -0.90487
 2350   -481.92198     25.51162   -507.43360      0.17180     -0.83271
 2400   -489.71415     27.50409   -517.21824      0.18521     -1.24176
 2450   -486.79950     24.13513   -510.93463      0.16253     -0.87081
 2500   -485.81867     21.56137   -507.38004      0.14519     -0.86357
 2550   -492.96080     23.06039   -516.02119      0.15529     -1.08042
 2600   -494.88137     22.12360   -517.00497      0.14898     -1.21326
 2650   -500.88568     23.36660   -524.25228      0.15735     -1.65830
 2700   -499.21644     20.62343   -519.83986      0.13888     -1.37958
 2750   -504.27883     21.51152   -525.79034      0.14486     -1.70721
 2800   -505.06742     20.51348   -525.58090      0.13814     -1.74365
 2850   -505.58974     19.31755   -524.90728      0.13008     -1.87365
 2900   -505.36070     17.90345   -523.26415      0.12056     -1.77712
 2950   -509.76101     18.76030   -528.52131      0.12633     -2.15367
 3000   -512.41773     18.80110   -531.21883      0.12661     -2.08285
 3050   -512.85779     17.62658   -530.48438      0.11870     -2.00362
 3100   -516.35614     18.00423   -534.36037      0.12124     -2.24970
 3150   -518.71319     17.96710   -536.68029      0.12099     -2.34824
 3200   -522.61561     18.80884   -541.42445      0.12666     -2.60534
 3250   -521.22952     17.06074   -538.29027      0.11489     -2.53476
 3300   -522.71572     16.73024   -539.44596      0.11266     -2.63164
 3350   -526.63784     17.61079   -544.24863      0.11859     -2.82728
 3400   -526.99449     16.74255   -543.73704      0.11274     -2.70841
 3450   -527.20009     15.86338   -543.06348      0.10682     -2.71458
 3500   -527.67471     15.08177   -542.75648      0.10156     -2.68904
 3550   -528.38064     14.51450   -542.89514      0.09774     -2.58269
 3600   -529.72144     14.28544   -544.00688      0.09620     -2.69841
 3650   -531.50800     14.26119   -545.76919      0.09603     -2.66030
 3700   -531.91314     13.57234   -545.48548      0.09140     -2.65018
 3750   -534.39731     13.90333   -548.30064      0.09363     -2.71520
 3800   -534.28463     12.98821   -547.27284      0.08746     -2.59656
 3850   -535.09034     12.60531   -547.69565      0.08488     -2.68408
 3900   -537.19512     12.84073   -550.03584      0.08647     -2.72419
 3950   -536.28278     11.60547   -547.88825      0.07815     -2.64309
 4000   -538.76453     12.10385   -550.86838      0.08151     -2.89116
 4050   -541.32642     12.71222   -554.03865      0.08560     -3.06121
 4100   -541.61246     12.20575   -553.81821      0.08219     -3.08692
 4150   -539.90482     10.67253   -550.57736      0.07187     -2.88671
 4200   -541.99087     11.05023   -553.04110      0.07441     -3.03017
 4250   -545.17715     12.05153   -557.22867      0.08116     -3.27146
 4300   -543.35880     10.57642   -553.93522      0.07122     -3.00454
 4350   -545.86906     11.22162   -557.09068      0.07557     -3.15143
 4400   -546.31237     10.87481   -557.18717      0.07323     -3.10394
 4450   -544.86697      9.57947   -554.44644      0.06451     -3.07805
 4500   -546.68556      9.90965   -556.59521      0.06673     -3.08246
 4550   -547.25335      9.60766   -556.86101      0.06470     -2.92527
 4600   -549.73970     10.29700   -560.03670      0.06934     -2.90511
 4650   -549.68619      9.67125   -559.35744      0.06513     -2.73923
 4700   -548.30941      8.37649   -556.68589      0.05641     -2.54975
 4750   -552.07023      9.69411   -561.76434      0.06528     -2.95475
 4800   -552.68622      9.45724   -562.14347      0.06369     -2.94821
 4850   -554.10983      9.61017   -563.72000      0.06471     -2.95428
 4900   -555.49727      9.81942   -565.31670      0.06612     -3.12614
 4950   -554.76902      8.95445   -563.72347      0.06030     -3.04729
 5000   -557.60926      9.82181   -567.43107      0.06614     -3.11685

 average temperature :   0.26476071333387607     
 average pressure	:  -0.38636296741556475     
 average ukin	:    39.316965930080478     
 average upot	:   -499.39639660910177     
 average utot	:   -460.07943067902454     
 average drift :    83.483384609030622     
