0100000000101001100000000000000000000000000000000000000000000000
1100000001101011110000111000110101001111110111110011101101100100
0100000010010011010010100100010101101101010111001111101010101101
0100010000010101101011110001110101111000101101011000110001000000
1001000111100000001100011010101110101010001001110001001001011111
0111111111110000000000000000000000000000000000000000000000000000
0000000000000000000000000000000000000000000000000010001110010100
0000000000000000000000000000000000000000000000000000000000000000
0000000000000000000000000000000000000000000000000000000000000000
1111111111111111111111111111111111111111111111111111111111111111
