         l         m     theta       phi                                                 Y
       100         1  0.003142  0.628319    (  -5.044184684753418  -3.664815187454224i) E   -1
       100         1  0.942478  0.628319    (   8.773503303527832   6.374323368072510i) E   -2
       100         1  1.573938  0.628319    (  -7.996093750000000  -5.809502601623535i) E   -2
       100         1  0.003142  0.628319    (  -5.044184684753418  -3.664815187454224i) E   -1
       100         1  0.942478  0.628319    (   8.773503303527832   6.374323368072510i) E   -2
       100         1  1.573938  0.628319    (  -7.996093750000000  -5.809502601623535i) E   -2
       100        10  0.003142  0.628319    (   1.039771795272827   0.000000000000000i) E  -14
       100        10  0.942478  0.628319    (  -3.548405408859253   0.000000000000000i) E   -1
       100        10  1.573938  0.628319    (  -3.034826755523682   0.000000000000000i) E   -1
       100        99  0.003142  0.628319    (  -1.793344497680664   1.302933692932129i) E -247
       100        99  0.942478  0.628319    (  -4.930996894836426   3.582559108734131i) E   -9
       100        99  1.573938  0.628319    (   3.410712242126465  -2.478013515472412i) E   -2
       500         1  0.003142  0.628319    (  -4.086672782897949  -2.969141960144043i) E    0
       500         1  0.942478  0.628319    (   8.831387519836426   6.416378974914551i) E   -2
       500         1  1.573938  0.628319    (  -2.575181484222412  -1.870978951454163i) E   -1
       500         5  0.003142  0.628319    (   2.013057231903076  -0.000000000000000i) E   -2
       500         5  0.942478  0.628319    (  -1.032870650291443   0.000000000000000i) E   -1
       500         5  1.573938  0.628319    (   3.183169364929199  -0.000000000000000i) E   -1
       500        50  0.003142  0.628319    (   1.593201160430908   0.000000000000000i) E  -69
       500        50  0.942478  0.628319    (  -2.315196514129639   0.000000000000000i) E   -2
       500        50  1.573938  0.628319    (  -2.007848024368286   0.000000000000000i) E   -3
       500       499  0.003142  0.628319    (  -4.333857059478760   3.148642539978027i) E-1248
       500       499  0.942478  0.628319    (  -2.509463787078857   1.823180794715881i) E  -45
       500       499  1.573938  0.628319    (   1.136501073837280  -0.825693130493164i) E   -1
      1000         1  0.003142  0.628319    (  -2.854772090911865  -2.074113368988037i) E    0
      1000         1  0.942478  0.628319    (   8.837615966796875   6.420904159545898i) E   -2
      1000         1  1.573938  0.628319    (   4.051797866821289   2.943803548812866i) E   -4
      1000        10  0.003142  0.628319    (   2.546308994293213   0.000000000000000i) E   -4
      1000        10  0.942478  0.628319    (  -3.403282642364502   0.000000000000000i) E   -1
      1000        10  1.573938  0.628319    (   3.183157920837402   0.000000000000000i) E   -1
      1000       100  0.003142  0.628319    (   4.804060459136963   0.000000000000000i) E -138
      1000       100  0.942478  0.628319    (  -3.491371154785156   0.000000000000000i) E   -1
      1000       100  1.573938  0.628319    (  -3.190772533416748   0.000000000000000i) E   -1
      1000       999  0.003142  0.628319    (  -2.735936164855957   1.987661838531494i) E-2499
      1000       999  0.942478  0.628319    (  -4.018893241882324   2.919732332229614i) E  -91
      1000       999  1.573938  0.628319    (   1.906310677528381  -1.384937644004822i) E   -1
